 -9.1021000e-009	
  1.0295690e-003	
  2.0586810e-003	
  3.0861830e-003	
  4.1109700e-003	
  5.1320100e-003	
  6.1483900e-003	
  7.1593800e-003	
  8.1644000e-003	
  9.1631400e-003	
  1.0155490e-002	
  1.1141590e-002	
  1.2121840e-002	
  1.3096863e-002	
  1.4067515e-002	
  1.5034830e-002	
  1.6000000e-002	
  1.6964331e-002	
  1.7929191e-002	
  1.8895960e-002	
  1.9865980e-002	
  2.0840500e-002	
  2.1820620e-002	
  2.2807250e-002	
  2.3801070e-002	
  2.4802490e-002	
  2.5811660e-002	
  2.6828410e-002	
  2.7852270e-002	
  2.8882490e-002	
  2.9918050e-002	
  3.0957702e-002	
  3.2000004e-002	
  3.3043374e-002	
  3.4086150e-002	
  3.5126650e-002	
  3.6163240e-002	
  3.7194400e-002	
  3.8218760e-002	
  3.9235210e-002	
  4.0242910e-002	
  4.1241310e-002	
  4.2230260e-002	
  4.3209920e-002	
  4.4180850e-002	
  4.5143950e-002	
  4.6100460e-002	
  4.7051889e-002	
  4.8000000e-002	
  4.8946726e-002	
  4.9894110e-002	
  5.0844210e-002	
  5.1799050e-002	
  5.2760530e-002	
  5.3730310e-002	
  5.4709810e-002	
  5.5700090e-002	
  5.6701820e-002	
  5.7715260e-002	
  5.8740210e-002	
  5.9776000e-002	
  6.0821560e-002	
  6.1875370e-002	
  6.2935573e-002	
  6.3999999e-002	
  6.5066256e-002	
  6.6131810e-002	
  6.7194090e-002	
  6.8250570e-002	
  6.9298880e-002	
  7.0336890e-002	
  7.1362830e-002	
  7.2375330e-002	
  7.3373500e-002	
  7.4357010e-002	
  7.5326040e-002	
  7.6281390e-002	
  7.7224380e-002	
  7.8156870e-002	
  7.9081174e-002	
  8.0000000e-002	
  8.0916349e-002	
  8.1833410e-002	
  8.2754440e-002	
  8.3682650e-002	
  8.4621070e-002	
  8.5572400e-002	
  8.6538980e-002	
  8.7522560e-002	
  8.8524350e-002	
  8.9544840e-002	
  9.0583840e-002	
  9.1640420e-002	
  9.2712930e-002	
  9.3799060e-002	
  9.4895900e-002	
  9.6000001e-002	
  9.7107540e-002	
  9.8214440e-002	
  9.9316490e-002	
  1.0040955e-001	
  1.0148966e-001	
  1.0255327e-001	
  1.0359731e-001	
  1.0461941e-001	
  1.0561794e-001	
  1.0659213e-001	
  1.0754215e-001	
  1.0846911e-001	
  1.0937505e-001	
  1.1026290e-001	
  1.1113641e-001	
  1.1200000e-001	
  1.1285866e-001	
  1.1371775e-001	
  1.1458278e-001	
  1.1545926e-001	
  1.1635246e-001	
  1.1726717e-001	
  1.1820753e-001	
  1.1917686e-001	
  1.2017744e-001	
  1.2121046e-001	
  1.2227586e-001	
  1.2337233e-001	
  1.2449730e-001	
  1.2564699e-001	
  1.2681651e-001	
  1.2800000e-001	
  1.2919083e-001	
  1.3038181e-001	
  1.3156547e-001	
  1.3273429e-001	
  1.3388106e-001	
  1.3499910e-001	
  1.3608260e-001	
  1.3712680e-001	
  1.3812830e-001	
  1.3908530e-001	
  1.3999758e-001	
  1.4086656e-001	
  1.4169556e-001	
  1.4248954e-001	
  1.4325504e-001	
  1.4400000e-001	
  1.4473353e-001	
  1.4546558e-001	
  1.4620661e-001	
  1.4696720e-001	
  1.4775770e-001	
  1.4858770e-001	
  1.4946570e-001	
  1.5039890e-001	
  1.5139240e-001	
  1.5244950e-001	
  1.5357100e-001	
  1.5475520e-001	
  1.5599800e-001	
  1.5729278e-001	
  1.5863048e-001	
  1.6000000e-001	
  1.6138841e-001	
  1.6278138e-001	
  1.6416370e-001	
  1.6551960e-001	
  1.6683380e-001	
  1.6809170e-001	
  1.6927990e-001	
  1.7038740e-001	
  1.7140540e-001	
  1.7232820e-001	
  1.7315360e-001	
  1.7388290e-001	
  1.7452130e-001	
  1.7507790e-001	
  1.7556540e-001	
  1.7600000e-001	
  1.7640091e-001	
  1.7678980e-001	
  1.7719010e-001	
  1.7762620e-001	
  1.7812280e-001	
  1.7870350e-001	
  1.7939030e-001	
  1.8020240e-001	
  1.8115540e-001	
  1.8226060e-001	
  1.8352370e-001	
  1.8494510e-001	
  1.8651880e-001	
  1.8823260e-001	
  1.9006783e-001	
  1.9200000e-001	
  1.9399899e-001	
  1.9602990e-001	
  1.9805420e-001	
  2.0003050e-001	
  2.0191630e-001	
  2.0366940e-001	
  2.0524960e-001	
  2.0662000e-001	
  2.0774910e-001	
  2.0861210e-001	
  2.0919250e-001	
  2.0948350e-001	
  2.0948880e-001	
  2.0922340e-001	
  2.0871430e-001	
  2.0800000e-001	
  2.0713060e-001	
  2.0616670e-001	
  2.0517800e-001	
  2.0424200e-001	
  2.0344160e-001	
  2.0286200e-001	
  2.0259000e-001	
  2.0270800e-001	
  2.0329200e-001	
  2.0440900e-001	
  2.0611200e-001	
  2.0844000e-001	
  2.1140960e-001	
  2.1501640e-001	
  2.1923170e-001	
  2.2400000e-001	
  2.2923860e-001	
  2.3483650e-001	
  2.4065500e-001	
  2.4652900e-001	
  2.5226900e-001	
  2.5766300e-001	
  2.6248100e-001	
  2.6648100e-001	
  2.6940900e-001	
  2.7101400e-001	
  2.7104300e-001	
  2.6926000e-001	
  2.6544200e-001	
  2.5939500e-001	
  2.5095500e-001	
  2.4000000e-001	
  2.2645300e-001	
  2.1028900e-001	
  1.9154100e-001	
  1.7030300e-001	
  1.4673300e-001	
  1.2105000e-001	
  9.3560000e-002	
  6.4600000e-002	
  3.4600000e-002	
  4.0300000e-003	
 -2.6580000e-002	
 -5.6650000e-002	
 -8.5580000e-002	
 -1.1272000e-001	
 -1.3743000e-001	
 -1.5905000e-001	
 -1.7693000e-001	
 -1.9045000e-001	
 -1.9901000e-001	
 -2.0209000e-001	
 -1.9919000e-001	
 -1.8991000e-001	
 -1.7393000e-001	
 -1.5103000e-001	
 -1.2109000e-001	
 -8.4080000e-002	
 -4.0130000e-002	
  1.0560000e-002	
  6.7630000e-002	
  1.3063000e-001	
  1.9898100e-001	
  2.7200000e-001	
  3.4890100e-001	
  4.2881000e-001	
  5.1077000e-001	
  5.9377000e-001	
  6.7673000e-001	
  7.5855000e-001	
  8.3813000e-001	
  9.1434000e-001	
  9.8609000e-001	
  1.0523300e+000	
  1.1120500e+000	
  1.1643400e+000	
  1.2083600e+000	
  1.2433900e+000	
  1.2688000e+000	
  1.2841200e+000	
  1.2890000e+000	
  1.2832400e+000	
  1.2667800e+000	
  1.2397100e+000	
  1.2022900e+000	
  1.1549000e+000	
  1.0980600e+000	
  1.0324400e+000	
  9.5882000e-001	
  8.7808000e-001	
  7.9121000e-001	
  6.9928000e-001	
  6.0341000e-001	
  5.0477000e-001	
  4.0456000e-001	
  3.0400000e-001	
  2.0429000e-001	
  1.0660000e-001	
  1.2070000e-002	
 -7.8220000e-002	
 -1.6327000e-001	
 -2.4216000e-001	
 -3.1406000e-001	
 -3.7825000e-001	
 -4.3414000e-001	
 -4.8124000e-001	
 -5.1918000e-001	
 -5.4773000e-001	
 -5.6677000e-001	
 -5.7631000e-001	
 -5.7648000e-001	
 -5.6751000e-001	
 -5.4974000e-001	
 -5.2362000e-001	
 -4.8966000e-001	
 -4.4846000e-001	
 -4.0070000e-001	
 -3.4710000e-001	
 -2.8841000e-001	
 -2.2544000e-001	
 -1.5898000e-001	
 -8.9880000e-002	
 -1.8940000e-002	
  5.3030000e-002	
  1.2524000e-001	
  1.9695000e-001	
  2.6742200e-001	
  3.3600000e-001	
  4.0205700e-001	
  4.6503000e-001	
  5.2440000e-001	
  5.7972000e-001	
  6.3060000e-001	
  6.7673000e-001	
  7.1784000e-001	
  7.5374000e-001	
  7.8427000e-001	
  8.0938000e-001	
  8.2903000e-001	
  8.4327000e-001	
  8.5216000e-001	
  8.5586000e-001	
  8.5453000e-001	
  8.4839000e-001	
  8.3769000e-001	
  8.2271000e-001	
  8.0378000e-001	
  7.8122000e-001	
  7.5540000e-001	
  7.2670000e-001	
  6.9549000e-001	
  6.6218000e-001	
  6.2718000e-001	
  5.9088000e-001	
  5.5369000e-001	
  5.1601000e-001	
  4.7823000e-001	
  4.4072500e-001	
  4.0386700e-001	
  3.6800000e-001	
  3.3345100e-001	
  3.0052500e-001	
  2.6950000e-001	
  2.4063000e-001	
  2.1415000e-001	
  1.9023000e-001	
  1.6905000e-001	
  1.5074000e-001	
  1.3538000e-001	
  1.2305000e-001	
  1.1376000e-001	
  1.0753000e-001	
  1.0430000e-001	
  1.0402000e-001	
  1.0658000e-001	
  1.1187000e-001	
  1.1973000e-001	
  1.2999000e-001	
  1.4246000e-001	
  1.5693000e-001	
  1.7317000e-001	
  1.9095000e-001	
  2.1003000e-001	
  2.3015000e-001	
  2.5107000e-001	
  2.7255000e-001	
  2.9433000e-001	
  3.1618200e-001	
  3.3788200e-001	
  3.5921500e-001	
  3.7998200e-001	
  4.0000000e-001	
  4.1910300e-001	
  4.3714300e-001	
  4.5399400e-001	
  4.6954900e-001	
  4.8371900e-001	
  4.9643800e-001	
  5.0766000e-001	
  5.1735000e-001	
  5.2550000e-001	
  5.3213000e-001	
  5.3724000e-001	
  5.4088000e-001	
  5.4310000e-001	
  5.4397000e-001	
  5.4355000e-001	
  5.4192000e-001	
  5.3918000e-001	
  5.3541000e-001	
  5.3073000e-001	
  5.2522000e-001	
  5.1899400e-001	
  5.1215800e-001	
  5.0481300e-001	
  4.9706500e-001	
  4.8901400e-001	
  4.8075900e-001	
  4.7239500e-001	
  4.6401500e-001	
  4.5570500e-001	
  4.4754800e-001	
  4.3962260e-001	
  4.3200000e-001	
  4.2474720e-001	
  4.1792500e-001	
  4.1158800e-001	
  4.0578500e-001	
  4.0055800e-001	
  3.9594300e-001	
  3.9196800e-001	
  3.8865700e-001	
  3.8602600e-001	
  3.8408200e-001	
  3.8282900e-001	
  3.8226300e-001	
  3.8237300e-001	
  3.8314300e-001	
  3.8454900e-001	
  3.8656400e-001	
  3.8915400e-001	
  3.9227900e-001	
  3.9589800e-001	
  3.9996300e-001	
  4.0442400e-001	
  4.0922800e-001	
  4.1432000e-001	
  4.1964500e-001	
  4.2514500e-001	
  4.3076400e-001	
  4.3644700e-001	
  4.4213900e-001	
  4.4778800e-001	
  4.5334440e-001	
  4.5876250e-001	
  4.6400000e-001	
  4.6901860e-001	
  4.7378480e-001	
  4.7827000e-001	
  4.8244900e-001	
  4.8630500e-001	
  4.8982200e-001	
  4.9299200e-001	
  4.9581000e-001	
  4.9827700e-001	
  5.0039700e-001	
  5.0217800e-001	
  5.0363300e-001	
  5.0477600e-001	
  5.0562500e-001	
  5.0619900e-001	
  5.0652000e-001	
  5.0661200e-001	
  5.0649700e-001	
  5.0620000e-001	
  5.0574500e-001	
  5.0515700e-001	
  5.0446000e-001	
  5.0367600e-001	
  5.0282800e-001	
  5.0193700e-001	
  5.0102300e-001	
  5.0010370e-001	
  4.9919740e-001	
  4.9831980e-001	
  4.9748570e-001	
  4.9670840e-001	
  4.9600000e-001	
  4.9537150e-001	
  4.9483270e-001	
  4.9439210e-001	
  4.9405750e-001	
  4.9383540e-001	
  4.9373130e-001	
  4.9375000e-001	
  4.9389500e-001	
  4.9416900e-001	
  4.9457400e-001	
  4.9511100e-001	
  4.9577900e-001	
  4.9657800e-001	
  4.9750400e-001	
  4.9855500e-001	
  4.9972700e-001	
  5.0101400e-001	
  5.0240900e-001	
  5.0390600e-001	
  5.0549500e-001	
  5.0716910e-001	
  5.0891670e-001	
  5.1072770e-001	
  5.1259120e-001	
  5.1449550e-001	
  5.1642900e-001	
  5.1838000e-001	
  5.2033680e-001	
  5.2228780e-001	
  5.2422220e-001	
  5.2612949e-001	
  5.2800000e-001	
  5.2982491e-001	
  5.3159640e-001	
  5.3330760e-001	
  5.3495300e-001	
  5.3652820e-001	
  5.3802990e-001	
  5.3945620e-001	
  5.4080640e-001	
  5.4208070e-001	
  5.4328070e-001	
  5.4440870e-001	
  5.4546810e-001	
  5.4646300e-001	
  5.4739810e-001	
  5.4827860e-001	
  5.4911000e-001	
  5.4989820e-001	
  5.5064900e-001	
  5.5136830e-001	
  5.5206190e-001	
  5.5273530e-001	
  5.5339360e-001	
  5.5404180e-001	
  5.5468420e-001	
  5.5532480e-001	
  5.5596710e-001	
  5.5661430e-001	
  5.5726880e-001	
  5.5793301e-001	
  5.5860865e-001	
  5.5929724e-001	
  5.6000000e-001	
  5.6071792e-001	
  5.6145181e-001	
  5.6220233e-001	
  5.6297010e-001	
  5.6375550e-001	
  5.6455920e-001	
  5.6538170e-001	
  5.6622340e-001	
  5.6708480e-001	
  5.6796650e-001	
  5.6886900e-001	
  5.6979260e-001	
  5.7073790e-001	
  5.7170500e-001	
  5.7269430e-001	
  5.7370560e-001	
  5.7473880e-001	
  5.7579350e-001	
  5.7686910e-001	
  5.7796460e-001	
  5.7907880e-001	
  5.8021030e-001	
  5.8135740e-001	
  5.8251800e-001	
  5.8369010e-001	
  5.8487110e-001	
  5.8605859e-001	
  5.8724991e-001	
  5.8844236e-001	
  5.8963326e-001	
  5.9081997e-001	
  5.9200000e-001	
  5.9317099e-001	
  5.9433080e-001	
  5.9547758e-001	
  5.9660973e-001	
  5.9772602e-001	
  5.9882551e-001	
  5.9990767e-001	
  6.0097227e-001	
  6.0201950e-001	
  6.0304970e-001	
  6.0406380e-001	
  6.0506270e-001	
  6.0604770e-001	
  6.0702030e-001	
  6.0798193e-001	
  6.0893438e-001	
  6.0987929e-001	
  6.1081837e-001	
  6.1175323e-001	
  6.1268541e-001	
  6.1361633e-001	
  6.1454724e-001	
  6.1547921e-001	
  6.1641313e-001	
  6.1734969e-001	
  6.1828938e-001	
  6.1923253e-001	
  6.2017925e-001	
  6.2112955e-001	
  6.2208328e-001	
  6.2304020e-001	
  6.2400000e-001	
  6.2496233e-001	
  6.2592682e-001	
  6.2689313e-001	
  6.2786095e-001	
  6.2883002e-001	
  6.2980020e-001	
  6.3077139e-001	
  6.3174361e-001	
  6.3271698e-001	
  6.3369171e-001	
  6.3466808e-001	
  6.3564646e-001	
  6.3662725e-001	
  6.3761090e-001	
  6.3859787e-001	
  6.3958859e-001	
  6.4058347e-001	
  6.4158286e-001	
  6.4258703e-001	
  6.4359615e-001	
  6.4461028e-001	
  6.4562938e-001	
  6.4665326e-001	
  6.4768163e-001	
  6.4871405e-001	
  6.4975001e-001	
  6.5078887e-001	
  6.5182991e-001	
  6.5287236e-001	
  6.5391542e-001	
  6.5495824e-001	
  6.5600000e-001	
  6.5703992e-001	
  6.5807726e-001	
  6.5911136e-001	
  6.6014165e-001	
  6.6116769e-001	
  6.6218913e-001	
  6.6320576e-001	
  6.6421752e-001	
  6.6522445e-001	
  6.6622673e-001	
  6.6722465e-001	
  6.6821860e-001	
  6.6920905e-001	
  6.7019655e-001	
  6.7118168e-001	
  6.7216505e-001	
  6.7314729e-001	
  6.7412898e-001	
  6.7511070e-001	
  6.7609295e-001	
  6.7707619e-001	
  6.7806078e-001	
  6.7904700e-001	
  6.8003504e-001	
  6.8102500e-001	
  6.8201688e-001	
  6.8301063e-001	
  6.8400607e-001	
  6.8500302e-001	
  6.8600119e-001	
  6.8700029e-001	
  6.8800000e-001	
  6.8900000e-001	
  6.8999998e-001	
  6.9099963e-001	
  6.9199873e-001	
  6.9299705e-001	
  6.9399446e-001	
  6.9499086e-001	
  6.9598623e-001	
  6.9698061e-001	
  6.9797411e-001	
  6.9896689e-001	
  6.9995916e-001	
  7.0095115e-001	
  7.0194315e-001	
  7.0293544e-001	
  7.0392832e-001	
  7.0492207e-001	
  7.0591695e-001	
  7.0691320e-001	
  7.0791100e-001	
  7.0891049e-001	
  7.0991175e-001	
  7.1091481e-001	
  7.1191963e-001	
  7.1292611e-001	
  7.1393411e-001	
  7.1494341e-001	
  7.1595377e-001	
  7.1696492e-001	
  7.1797655e-001	
  7.1898835e-001	
  7.2000000e-001	
  7.2101119e-001	
  7.2202163e-001	
  7.2303108e-001	
  7.2403929e-001	
  7.2504611e-001	
  7.2605140e-001	
  7.2705509e-001	
  7.2805717e-001	
  7.2905765e-001	
  7.3005664e-001	
  7.3105425e-001	
  7.3205065e-001	
  7.3304604e-001	
  7.3404065e-001	
  7.3503470e-001	
  7.3602845e-001	
  7.3702213e-001	
  7.3801596e-001	
  7.3901015e-001	
  7.4000488e-001	
  7.4100029e-001	
  7.4199650e-001	
  7.4299357e-001	
  7.4399154e-001	
  7.4499039e-001	
  7.4599008e-001	
  7.4699054e-001	
  7.4799167e-001	
  7.4899332e-001	
  7.4999536e-001	
  7.5099764e-001	
  7.5200000e-001	
  7.5300229e-001	
  7.5400438e-001	
  7.5500614e-001	
  7.5600746e-001	
  7.5700828e-001	
  7.5800854e-001	
  7.5900822e-001	
  7.6000732e-001	
  7.6100589e-001	
  7.6200397e-001	
  7.6300166e-001	
  7.6399904e-001	
  7.6499622e-001	
  7.6599333e-001	
  7.6699047e-001	
  7.6798777e-001	
  7.6898533e-001	
  7.6998325e-001	
  7.7098160e-001	
  7.7198045e-001	
  7.7297984e-001	
  7.7397978e-001	
  7.7498027e-001	
  7.7598127e-001	
  7.7698276e-001	
  7.7798466e-001	
  7.7898689e-001	
  7.7998938e-001	
  7.8099203e-001	
  7.8199474e-001	
  7.8299743e-001	
  7.8400000e-001	
  7.8500238e-001	
  7.8600451e-001	
  7.8700634e-001	
  7.8800782e-001	
  7.8900894e-001	
  7.9000970e-001	
  7.9101011e-001	
  7.9201019e-001	
  7.9300998e-001	
  7.9400953e-001	
  7.9500890e-001	
  7.9600813e-001	
  7.9700729e-001	
  7.9800642e-001	
  7.9900558e-001	
  8.0000481e-001	
  8.0100414e-001	
  8.0200359e-001	
  8.0300317e-001	
  8.0400288e-001	
  8.0500270e-001	
  8.0600262e-001	
  8.0700260e-001	
  8.0800262e-001	
  8.0900263e-001	
  8.1000260e-001	
  8.1100248e-001	
  8.1200227e-001	
  8.1300192e-001	
  8.1400143e-001	
  8.1500078e-001	
  8.1600000e-001	
  8.1699909e-001	
  8.1799809e-001	
  8.1899702e-001	
  8.1999595e-001	
  8.2099491e-001	
  8.2199396e-001	
  8.2299316e-001	
  8.2399255e-001	
  8.2499219e-001	
  8.2599211e-001	
  8.2699233e-001	
  8.2799287e-001	
  8.2899372e-001	
  8.2999488e-001	
  8.3099630e-001	
  8.3199795e-001	
  8.3299975e-001	
  8.3400165e-001	
  8.3500356e-001	
  8.3600539e-001	
  8.3700707e-001	
  8.3800850e-001	
  8.3900962e-001	
  8.4001035e-001	
  8.4101064e-001	
  8.4201046e-001	
  8.4300979e-001	
  8.4400864e-001	
  8.4500702e-001	
  8.4600500e-001	
  8.4700263e-001	
  8.4800000e-001	
  8.4899722e-001	
  8.4999439e-001	
  8.5099164e-001	
  8.5198910e-001	
  8.5298687e-001	
  8.5398507e-001	
  8.5498379e-001	
  8.5598313e-001	
  8.5698313e-001	
  8.5798382e-001	
  8.5898522e-001	
  8.5998728e-001	
  8.6098997e-001	
  8.6199320e-001	
  8.6299685e-001	
  8.6400080e-001	
  8.6500490e-001	
  8.6600900e-001	
  8.6701291e-001	
  8.6801649e-001	
  8.6901956e-001	
  8.7002200e-001	
  8.7102367e-001	
  8.7202448e-001	
  8.7302437e-001	
  8.7402331e-001	
  8.7502131e-001	
  8.7601840e-001	
  8.7701468e-001	
  8.7801027e-001	
  8.7900532e-001	
  8.8000000e-001	
  8.8099451e-001	
  8.8198907e-001	
  8.8298389e-001	
  8.8397919e-001	
  8.8497515e-001	
  8.8597197e-001	
  8.8696979e-001	
  8.8796873e-001	
  8.8896886e-001	
  8.8997021e-001	
  8.9097276e-001	
  8.9197645e-001	
  8.9298116e-001	
  8.9398673e-001	
  8.9499298e-001	
  8.9599966e-001	
  8.9700653e-001	
  8.9801333e-001	
  8.9901977e-001	
  9.0002561e-001	
  9.0103059e-001	
  9.0203450e-001	
  9.0303715e-001	
  9.0403841e-001	
  9.0503818e-001	
  9.0603645e-001	
  9.0703324e-001	
  9.0802864e-001	
  9.0902280e-001	
  9.1001590e-001	
  9.1100821e-001	
  9.1200000e-001	
  9.1299158e-001	
  9.1398328e-001	
  9.1497542e-001	
  9.1596833e-001	
  9.1696231e-001	
  9.1795761e-001	
  9.1895446e-001	
  9.1995301e-001	
  9.2095337e-001	
  9.2195556e-001	
  9.2295954e-001	
  9.2396520e-001	
  9.2497237e-001	
  9.2598078e-001	
  9.2699015e-001	
  9.2800013e-001	
  9.2901035e-001	
  9.3002040e-001	
  9.3102990e-001	
  9.3203845e-001	
  9.3304571e-001	
  9.3405135e-001	
  9.3505512e-001	
  9.3605683e-001	
  9.3705637e-001	
  9.3805369e-001	
  9.3904887e-001	
  9.4004203e-001	
  9.4103339e-001	
  9.4202326e-001	
  9.4301199e-001	
  9.4400000e-001	
  9.4498774e-001	
  9.4597568e-001	
  9.4696431e-001	
  9.4795406e-001	
  9.4894538e-001	
  9.4993864e-001	
  9.5093413e-001	
  9.5193210e-001	
  9.5293266e-001	
  9.5393586e-001	
  9.5494163e-001	
  9.5594981e-001	
  9.5696012e-001	
  9.5797221e-001	
  9.5898565e-001	
  9.5999994e-001	
  9.6101455e-001	
  9.6202892e-001	
  9.6304247e-001	
  9.6405466e-001	
  9.6506499e-001	
  9.6607301e-001	
  9.6707836e-001	
  9.6808077e-001	
  9.6908009e-001	
  9.7007627e-001	
  9.7106939e-001	
  9.7205966e-001	
  9.7304738e-001	
  9.7403299e-001	
  9.7501700e-001	
  9.7600000e-001	
  9.7698262e-001	
  9.7796554e-001	
  9.7894943e-001	
  9.7993493e-001	
  9.8092265e-001	
  9.8191312e-001	
  9.8290676e-001	
  9.8390389e-001	
  9.8490471e-001	
  9.8590926e-001	
  9.8691745e-001	
  9.8792903e-001	
  9.8894363e-001	
  9.8996075e-001	
  9.9097978e-001	
  9.9200002e-001	
  9.9302071e-001	
  9.9404104e-001	
  9.9506023e-001	
  9.9607750e-001	
  9.9709213e-001	
  9.9810350e-001	
  9.9911108e-001	
  1.0001145e+000	
  1.0011136e+000	
  1.0021082e+000	
  1.0030984e+000	
  1.0040846e+000	
  1.0050672e+000	
  1.0060468e+000	
  1.0070241e+000	
  1.0080000e+000	
  1.0089753e+000	
  1.0099510e+000	
  1.0109281e+000	
  1.0119075e+000	
  1.0128900e+000	
  1.0138764e+000	
  1.0148673e+000	
  1.0158631e+000	
  1.0168643e+000	
  1.0178707e+000	
  1.0188823e+000	
  1.0198987e+000	
  1.0209195e+000	
  1.0219439e+000	
  1.0229711e+000	
