-5.5354e-010
-4.8462e-017
2.1375e-010
4.8417e-017
-8.9477e-011
-4.8148e-017
3.4448e-011
4.8499e-017
-1.4377e-011
-5.0843e-017
5.5209e-012
5.2909e-017
-2.2507e-012
-4.5041e-017
7.9911e-013
2.7929e-017
-0.025241
-2.0598e-017
0.060579
2.9269e-017
-0.053974
-3.9863e-017
0.030188
4.4935e-017
-0.01655
-4.7287e-017
0.0076578
4.8967e-017
-0.0037362
-5.0107e-017
0.0016128
4.9989e-017
-0.00074638
-4.8958e-017
0.00031077
4.8392e-017
-0.00013953
-4.8347e-017
5.6824e-005
4.864e-017
-2.502e-005
-4.968e-017
1.0038e-005
5.0093e-017
-4.3595e-006
-4.8269e-017
1.7302e-006
4.6263e-017
-7.4386e-007
-4.5551e-017
2.9282e-007
4.5175e-017
-1.2492e-007
-4.6448e-017
4.8859e-008
4.8921e-017
-2.0715e-008
-4.9881e-017
8.0609e-009
5.0306e-017
-3.4004e-009
-5.037e-017
1.3177e-009
4.9152e-017