  9.9999999e-001	
  1.0000296e+000	
  1.0000587e+000	
  1.0000862e+000	
  1.0001110e+000	
  1.0001320e+000	
  1.0001484e+000	
  1.0001594e+000	
  1.0001644e+000	
  1.0001631e+000	
  1.0001555e+000	
  1.0001416e+000	
  1.0001218e+000	
  1.0000969e+000	
  1.0000675e+000	
  1.0000348e+000	
  1.0000000e+000	
  9.9996433e-001	
  9.9992919e-001	
  9.9989596e-001	
  9.9986598e-001	
  9.9984050e-001	
  9.9982062e-001	
  9.9980725e-001	
  9.9980107e-001	
  9.9980249e-001	
  9.9981166e-001	
  9.9982841e-001	
  9.9985227e-001	
  9.9988249e-001	
  9.9991805e-001	
  9.9995770e-001	
  1.0000000e+000	
  1.0000434e+000	
  1.0000862e+000	
  1.0001266e+000	
  1.0001632e+000	
  1.0001944e+000	
  1.0002188e+000	
  1.0002352e+000	
  1.0002429e+000	
  1.0002413e+000	
  1.0002303e+000	
  1.0002099e+000	
  1.0001809e+000	
  1.0001440e+000	
  1.0001005e+000	
  1.0000519e+000	
  1.0000000e+000	
  9.9994673e-001	
  9.9989411e-001	
  9.9984421e-001	
  9.9979905e-001	
  9.9976053e-001	
  9.9973031e-001	
  9.9970981e-001	
  9.9970009e-001	
  9.9970182e-001	
  9.9971526e-001	
  9.9974021e-001	
  9.9977600e-001	
  9.9982156e-001	
  9.9987537e-001	
  9.9993557e-001	
  1.0000000e+000	
  1.0000663e+000	
  1.0001318e+000	
  1.0001941e+000	
  1.0002506e+000	
  1.0002989e+000	
  1.0003369e+000	
  1.0003628e+000	
  1.0003753e+000	
  1.0003735e+000	
  1.0003570e+000	
  1.0003260e+000	
  1.0002814e+000	
  1.0002244e+000	
  1.0001569e+000	
  1.0000812e+000	
  1.0000000e+000	
  9.9991635e-001	
  9.9983341e-001	
  9.9975444e-001	
  9.9968265e-001	
  9.9962107e-001	
  9.9957240e-001	
  9.9953898e-001	
  9.9952256e-001	
  9.9952435e-001	
  9.9954484e-001	
  9.9958384e-001	
  9.9964042e-001	
  9.9971293e-001	
  9.9979906e-001	
  9.9989590e-001	
  1.0000000e+000	
  1.0001075e+000	
  1.0002144e+000	
  1.0003165e+000	
  1.0004096e+000	
  1.0004897e+000	
  1.0005533e+000	
  1.0005973e+000	
  1.0006194e+000	
  1.0006179e+000	
  1.0005921e+000	
  1.0005422e+000	
  1.0004691e+000	
  1.0003750e+000	
  1.0002629e+000	
  1.0001364e+000	
  1.0000000e+000	
  9.9985866e-001	
  9.9971775e-001	
  9.9958278e-001	
  9.9945926e-001	
  9.9935246e-001	
  9.9926717e-001	
  9.9920753e-001	
  9.9917686e-001	
  9.9917744e-001	
  9.9921046e-001	
  9.9927586e-001	
  9.9937233e-001	
  9.9949730e-001	
  9.9964699e-001	
  9.9981651e-001	
  1.0000000e+000	
  1.0001908e+000	
  1.0003818e+000	
  1.0005655e+000	
  1.0007343e+000	
  1.0008811e+000	
  1.0009991e+000	
  1.0010826e+000	
  1.0011268e+000	
  1.0011283e+000	
  1.0010853e+000	
  1.0009976e+000	
  1.0008666e+000	
  1.0006956e+000	
  1.0004895e+000	
  1.0002550e+000	
  1.0000000e+000	
  9.9973353e-001	
  9.9946558e-001	
  9.9920661e-001	
  9.9896720e-001	
  9.9875770e-001	
  9.9858770e-001	
  9.9846570e-001	
  9.9839890e-001	
  9.9839240e-001	
  9.9844950e-001	
  9.9857100e-001	
  9.9875520e-001	
  9.9899800e-001	
  9.9929278e-001	
  9.9963048e-001	
  1.0000000e+000	
  1.0003884e+000	
  1.0007814e+000	
  1.0011637e+000	
  1.0015196e+000	
  1.0018338e+000	
  1.0020917e+000	
  1.0022799e+000	
  1.0023874e+000	
  1.0024054e+000	
  1.0023282e+000	
  1.0021536e+000	
  1.0018829e+000	
  1.0015213e+000	
  1.0010779e+000	
  1.0005654e+000	
  1.0000000e+000	
  9.9940091e-001	
  9.9878980e-001	
  9.9819010e-001	
  9.9762620e-001	
  9.9712280e-001	
  9.9670350e-001	
  9.9639030e-001	
  9.9620240e-001	
  9.9615540e-001	
  9.9626060e-001	
  9.9652370e-001	
  9.9694510e-001	
  9.9751880e-001	
  9.9823260e-001	
  9.9906783e-001	
  1.0000000e+000	
  1.0009990e+000	
  1.0020299e+000	
  1.0030542e+000	
  1.0040305e+000	
  1.0049163e+000	
  1.0056694e+000	
  1.0062496e+000	
  1.0066200e+000	
  1.0067491e+000	
  1.0066121e+000	
  1.0061925e+000	
  1.0054835e+000	
  1.0044888e+000	
  1.0032234e+000	
  1.0017143e+000	
  1.0000000e+000	
  9.9813060e-001	
  9.9616670e-001	
  9.9417800e-001	
  9.9224200e-001	
  9.9044160e-001	
  9.8886200e-001	
  9.8759000e-001	
  9.8670800e-001	
  9.8629200e-001	
  9.8640900e-001	
  9.8711200e-001	
  9.8844000e-001	
  9.9040960e-001	
  9.9301640e-001	
  9.9623170e-001	
  1.0000000e+000	
  1.0042386e+000	
  1.0088365e+000	
  1.0136550e+000	
  1.0185290e+000	
  1.0232690e+000	
  1.0276630e+000	
  1.0314810e+000	
  1.0344810e+000	
  1.0364090e+000	
  1.0370140e+000	
  1.0360430e+000	
  1.0332600e+000	
  1.0284420e+000	
  1.0213950e+000	
  1.0119550e+000	
  1.0000000e+000	
  9.8545300e-001	
  9.6828900e-001	
  9.4854100e-001	
  9.2630300e-001	
  9.0173300e-001	
  8.7505000e-001	
  8.4656000e-001	
  8.1660000e-001	
  7.8560000e-001	
  7.5403000e-001	
  7.2242000e-001	
  6.9135000e-001	
  6.6142000e-001	
  6.3328000e-001	
  6.0757000e-001	
  5.8495000e-001	
  5.6607000e-001	
  5.5155000e-001	
  5.4199000e-001	
  5.3791000e-001	
  5.3981000e-001	
  5.4809000e-001	
  5.6307000e-001	
  5.8497000e-001	
  6.1391000e-001	
  6.4992000e-001	
  6.9287000e-001	
  7.4256000e-001	
  7.9863000e-001	
  8.6063000e-001	
  9.2798100e-001	
  1.0000000e+000	
  1.0759010e+000	
  1.1548100e+000	
  1.2357700e+000	
  1.3177700e+000	
  1.3997300e+000	
  1.4805500e+000	
  1.5591300e+000	
  1.6343400e+000	
  1.7050900e+000	
  1.7703300e+000	
  1.8290500e+000	
  1.8803400e+000	
  1.9233600e+000	
  1.9573900e+000	
  1.9818000e+000	
  1.9961200e+000	
  2.0000000e+000	
  1.9932400e+000	
  1.9757800e+000	
  1.9477100e+000	
  1.9092900e+000	
  1.8609000e+000	
  1.8030600e+000	
  1.7364400e+000	
  1.6618200e+000	
  1.5800800e+000	
  1.4922100e+000	
  1.3992800e+000	
  1.3024100e+000	
  1.2027700e+000	
  1.1015600e+000	
  1.0000000e+000	
  8.9929000e-001	
  8.0060000e-001	
  7.0507000e-001	
  6.1378000e-001	
  5.2773000e-001	
  4.4784000e-001	
  3.7494000e-001	
  3.0975000e-001	
  2.5286000e-001	
  2.0476000e-001	
  1.6582000e-001	
  1.3627000e-001	
  1.1623000e-001	
  1.0569000e-001	
  1.0452000e-001	
  1.1249000e-001	
  1.2926000e-001	
  1.5438000e-001	
  1.8734000e-001	
  2.2754000e-001	
  2.7430000e-001	
  3.2690000e-001	
  3.8459000e-001	
  4.4656000e-001	
  5.1202000e-001	
  5.8012000e-001	
  6.5006000e-001	
  7.2103000e-001	
  7.9224000e-001	
  8.6295000e-001	
  9.3242200e-001	
  1.0000000e+000	
  1.0650570e+000	
  1.1270300e+000	
  1.1854000e+000	
  1.2397200e+000	
  1.2896000e+000	
  1.3347300e+000	
  1.3748400e+000	
  1.4097400e+000	
  1.4392700e+000	
  1.4633800e+000	
  1.4820300e+000	
  1.4952700e+000	
  1.5031600e+000	
  1.5058600e+000	
  1.5035300e+000	
  1.4963900e+000	
  1.4846900e+000	
  1.4687100e+000	
  1.4487800e+000	
  1.4252200e+000	
  1.3984000e+000	
  1.3687000e+000	
  1.3364900e+000	
  1.3021800e+000	
  1.2661800e+000	
  1.2288800e+000	
  1.1906900e+000	
  1.1520100e+000	
  1.1132300e+000	
  1.0747250e+000	
  1.0368670e+000	
  1.0000000e+000	
  9.6445100e-001	
  9.3052500e-001	
  8.9850000e-001	
  8.6863000e-001	
  8.4115000e-001	
  8.1623000e-001	
  7.9405000e-001	
  7.7474000e-001	
  7.5838000e-001	
  7.4505000e-001	
  7.3476000e-001	
  7.2753000e-001	
  7.2330000e-001	
  7.2202000e-001	
  7.2358000e-001	
  7.2787000e-001	
  7.3473000e-001	
  7.4399000e-001	
  7.5546000e-001	
  7.6893000e-001	
  7.8417000e-001	
  8.0095000e-001	
  8.1903000e-001	
  8.3815000e-001	
  8.5807000e-001	
  8.7855000e-001	
  8.9933000e-001	
  9.2018200e-001	
  9.4088200e-001	
  9.6121500e-001	
  9.8098200e-001	
  1.0000000e+000	
  1.0181030e+000	
  1.0351430e+000	
  1.0509940e+000	
  1.0655490e+000	
  1.0787190e+000	
  1.0904380e+000	
  1.1006600e+000	
  1.1093500e+000	
  1.1165000e+000	
  1.1221300e+000	
  1.1262400e+000	
  1.1288800e+000	
  1.1301000e+000	
  1.1299700e+000	
  1.1285500e+000	
  1.1259200e+000	
  1.1221800e+000	
  1.1174100e+000	
  1.1117300e+000	
  1.1052200e+000	
  1.0979940e+000	
  1.0901580e+000	
  1.0818130e+000	
  1.0730650e+000	
  1.0640140e+000	
  1.0547590e+000	
  1.0453950e+000	
  1.0360150e+000	
  1.0267050e+000	
  1.0175480e+000	
  1.0086226e+000	
  1.0000000e+000	
  9.9174720e-001	
  9.8392500e-001	
  9.7658800e-001	
  9.6978500e-001	
  9.6355800e-001	
  9.5794300e-001	
  9.5296800e-001	
  9.4865700e-001	
  9.4502600e-001	
  9.4208200e-001	
  9.3982900e-001	
  9.3826300e-001	
  9.3737300e-001	
  9.3714300e-001	
  9.3754900e-001	
  9.3856400e-001	
  9.4015400e-001	
  9.4227900e-001	
  9.4489800e-001	
  9.4796300e-001	
  9.5142400e-001	
  9.5522800e-001	
  9.5932000e-001	
  9.6364500e-001	
  9.6814500e-001	
  9.7276400e-001	
  9.7744700e-001	
  9.8213900e-001	
  9.8678800e-001	
  9.9134440e-001	
  9.9576250e-001	
  1.0000000e+000	
  1.0040186e+000	
  1.0077848e+000	
  1.0112700e+000	
  1.0144490e+000	
  1.0173050e+000	
  1.0198220e+000	
  1.0219920e+000	
  1.0238100e+000	
  1.0252770e+000	
  1.0263970e+000	
  1.0271780e+000	
  1.0276330e+000	
  1.0277760e+000	
  1.0276250e+000	
  1.0271990e+000	
  1.0265200e+000	
  1.0256120e+000	
  1.0244970e+000	
  1.0232000e+000	
  1.0217450e+000	
  1.0201570e+000	
  1.0184600e+000	
  1.0166760e+000	
  1.0148280e+000	
  1.0129370e+000	
  1.0110230e+000	
  1.0091037e+000	
  1.0071974e+000	
  1.0053198e+000	
  1.0034857e+000	
  1.0017084e+000	
  1.0000000e+000	
  9.9837150e-001	
  9.9683270e-001	
  9.9539210e-001	
  9.9405750e-001	
  9.9283540e-001	
  9.9173130e-001	
  9.9075000e-001	
  9.8989500e-001	
  9.8916900e-001	
  9.8857400e-001	
  9.8811100e-001	
  9.8777900e-001	
  9.8757800e-001	
  9.8750400e-001	
  9.8755500e-001	
  9.8772700e-001	
  9.8801400e-001	
  9.8840900e-001	
  9.8890600e-001	
  9.8949500e-001	
  9.9016910e-001	
  9.9091670e-001	
  9.9172770e-001	
  9.9259120e-001	
  9.9349550e-001	
  9.9442900e-001	
  9.9538000e-001	
  9.9633680e-001	
  9.9728780e-001	
  9.9822220e-001	
  9.9912949e-001	
  1.0000000e+000	
  1.0008249e+000	
  1.0015964e+000	
  1.0023076e+000	
  1.0029530e+000	
  1.0035282e+000	
  1.0040299e+000	
  1.0044562e+000	
  1.0048064e+000	
  1.0050807e+000	
  1.0052807e+000	
  1.0054087e+000	
  1.0054681e+000	
  1.0054630e+000	
  1.0053981e+000	
  1.0052786e+000	
  1.0051100e+000	
  1.0048982e+000	
  1.0046490e+000	
  1.0043683e+000	
  1.0040619e+000	
  1.0037353e+000	
  1.0033936e+000	
  1.0030418e+000	
  1.0026842e+000	
  1.0023248e+000	
  1.0019671e+000	
  1.0016143e+000	
  1.0012688e+000	
  1.0009330e+000	
  1.0006087e+000	
  1.0002972e+000	
  1.0000000e+000	
  9.9971792e-001	
  9.9945181e-001	
  9.9920233e-001	
  9.9897010e-001	
  9.9875550e-001	
  9.9855920e-001	
  9.9838170e-001	
  9.9822340e-001	
  9.9808480e-001	
  9.9796650e-001	
  9.9786900e-001	
  9.9779260e-001	
  9.9773790e-001	
  9.9770500e-001	
  9.9769430e-001	
  9.9770560e-001	
  9.9773880e-001	
  9.9779350e-001	
  9.9786910e-001	
  9.9796460e-001	
  9.9807880e-001	
  9.9821030e-001	
  9.9835740e-001	
  9.9851800e-001	
  9.9869010e-001	
  9.9887110e-001	
  9.9905859e-001	
  9.9924991e-001	
  9.9944236e-001	
  9.9963326e-001	
  9.9981997e-001	
  1.0000000e+000	
  1.0001710e+000	
  1.0003308e+000	
  1.0004776e+000	
  1.0006097e+000	
  1.0007260e+000	
  1.0008255e+000	
  1.0009077e+000	
  1.0009723e+000	
  1.0010195e+000	
  1.0010497e+000	
  1.0010638e+000	
  1.0010627e+000	
  1.0010477e+000	
  1.0010203e+000	
  1.0009819e+000	
  1.0009344e+000	
  1.0008793e+000	
  1.0008184e+000	
  1.0007532e+000	
  1.0006854e+000	
  1.0006163e+000	
  1.0005472e+000	
  1.0004792e+000	
  1.0004131e+000	
  1.0003497e+000	
  1.0002894e+000	
  1.0002325e+000	
  1.0001793e+000	
  1.0001296e+000	
  1.0000833e+000	
  1.0000402e+000	
  1.0000000e+000	
  9.9996233e-001	
  9.9992682e-001	
  9.9989313e-001	
  9.9986095e-001	
  9.9983002e-001	
  9.9980020e-001	
  9.9977139e-001	
  9.9974361e-001	
  9.9971698e-001	
  9.9969171e-001	
  9.9966808e-001	
  9.9964646e-001	
  9.9962725e-001	
  9.9961090e-001	
  9.9959787e-001	
  9.9958859e-001	
  9.9958347e-001	
  9.9958286e-001	
  9.9958703e-001	
  9.9959615e-001	
  9.9961028e-001	
  9.9962938e-001	
  9.9965326e-001	
  9.9968163e-001	
  9.9971405e-001	
  9.9975001e-001	
  9.9978887e-001	
  9.9982991e-001	
  9.9987236e-001	
  9.9991542e-001	
  9.9995824e-001	
  1.0000000e+000	
  1.0000399e+000	
  1.0000773e+000	
  1.0001114e+000	
  1.0001417e+000	
  1.0001677e+000	
  1.0001891e+000	
  1.0002058e+000	
  1.0002175e+000	
  1.0002244e+000	
  1.0002267e+000	
  1.0002247e+000	
  1.0002186e+000	
  1.0002091e+000	
  1.0001966e+000	
  1.0001817e+000	
  1.0001651e+000	
  1.0001473e+000	
  1.0001290e+000	
  1.0001107e+000	
  1.0000930e+000	
  1.0000762e+000	
  1.0000608e+000	
  1.0000470e+000	
  1.0000350e+000	
  1.0000250e+000	
  1.0000169e+000	
  1.0000106e+000	
  1.0000061e+000	
  1.0000030e+000	
  1.0000012e+000	
  1.0000003e+000	
  1.0000000e+000	
  1.0000000e+000	
  9.9999998e-001	
  9.9999963e-001	
  9.9999873e-001	
  9.9999705e-001	
  9.9999446e-001	
  9.9999085e-001	
  9.9998623e-001	
  9.9998061e-001	
  9.9997411e-001	
  9.9996689e-001	
  9.9995915e-001	
  9.9995115e-001	
  9.9994315e-001	
  9.9993544e-001	
  9.9992832e-001	
  9.9992207e-001	
  9.9991695e-001	
  9.9991320e-001	
  9.9991100e-001	
  9.9991049e-001	
  9.9991175e-001	
  9.9991481e-001	
  9.9991963e-001	
  9.9992611e-001	
  9.9993411e-001	
  9.9994341e-001	
  9.9995377e-001	
  9.9996492e-001	
  9.9997655e-001	
  9.9998835e-001	
  1.0000000e+000	
  1.0000112e+000	
  1.0000216e+000	
  1.0000311e+000	
  1.0000393e+000	
  1.0000461e+000	
  1.0000514e+000	
  1.0000551e+000	
  1.0000572e+000	
  1.0000577e+000	
  1.0000566e+000	
  1.0000542e+000	
  1.0000506e+000	
  1.0000460e+000	
  1.0000406e+000	
  1.0000347e+000	
  1.0000285e+000	
  1.0000221e+000	
  1.0000160e+000	
  1.0000102e+000	
  1.0000049e+000	
  1.0000003e+000	
  9.9999650e-001	
  9.9999357e-001	
  9.9999154e-001	
  9.9999039e-001	
  9.9999008e-001	
  9.9999054e-001	
  9.9999167e-001	
  9.9999332e-001	
  9.9999536e-001	
  9.9999764e-001	
  1.0000000e+000	
  1.0000023e+000	
  1.0000044e+000	
  1.0000061e+000	
  1.0000075e+000	
  1.0000083e+000	
  1.0000085e+000	
  1.0000082e+000	
  1.0000073e+000	
  1.0000059e+000	
  1.0000040e+000	
  1.0000017e+000	
  9.9999904e-001	
  9.9999622e-001	
  9.9999333e-001	
  9.9999047e-001	
  9.9998777e-001	
  9.9998533e-001	
  9.9998325e-001	
  9.9998160e-001	
  9.9998045e-001	
  9.9997984e-001	
  9.9997978e-001	
  9.9998027e-001	
  9.9998127e-001	
  9.9998276e-001	
  9.9998466e-001	
  9.9998689e-001	
  9.9998938e-001	
  9.9999203e-001	
  9.9999474e-001	
  9.9999743e-001	
  1.0000000e+000	
  1.0000024e+000	
  1.0000045e+000	
  1.0000063e+000	
  1.0000078e+000	
  1.0000089e+000	
  1.0000097e+000	
  1.0000101e+000	
  1.0000102e+000	
  1.0000100e+000	
  1.0000095e+000	
  1.0000089e+000	
  1.0000081e+000	
  1.0000073e+000	
  1.0000064e+000	
  1.0000056e+000	
  1.0000048e+000	
  1.0000041e+000	
  1.0000036e+000	
  1.0000032e+000	
  1.0000029e+000	
  1.0000027e+000	
  1.0000026e+000	
  1.0000026e+000	
  1.0000026e+000	
  1.0000026e+000	
  1.0000026e+000	
  1.0000025e+000	
  1.0000023e+000	
  1.0000019e+000	
  1.0000014e+000	
  1.0000008e+000	
  1.0000000e+000	
  9.9999909e-001	
  9.9999809e-001	
  9.9999702e-001	
  9.9999595e-001	
  9.9999491e-001	
  9.9999396e-001	
  9.9999316e-001	
  9.9999255e-001	
  9.9999219e-001	
  9.9999211e-001	
  9.9999233e-001	
  9.9999287e-001	
  9.9999372e-001	
  9.9999488e-001	
  9.9999630e-001	
  9.9999795e-001	
  9.9999975e-001	
  1.0000016e+000	
  1.0000036e+000	
  1.0000054e+000	
  1.0000071e+000	
  1.0000085e+000	
  1.0000096e+000	
  1.0000103e+000	
  1.0000106e+000	
  1.0000105e+000	
  1.0000098e+000	
  1.0000086e+000	
  1.0000070e+000	
  1.0000050e+000	
  1.0000026e+000	
  1.0000000e+000	
  9.9999722e-001	
  9.9999439e-001	
  9.9999164e-001	
  9.9998910e-001	
  9.9998687e-001	
  9.9998507e-001	
  9.9998379e-001	
  9.9998313e-001	
  9.9998313e-001	
  9.9998382e-001	
  9.9998522e-001	
  9.9998729e-001	
  9.9998997e-001	
  9.9999320e-001	
  9.9999685e-001	
  1.0000008e+000	
  1.0000049e+000	
  1.0000090e+000	
  1.0000129e+000	
  1.0000165e+000	
  1.0000196e+000	
  1.0000220e+000	
  1.0000237e+000	
  1.0000245e+000	
  1.0000244e+000	
  1.0000233e+000	
  1.0000213e+000	
  1.0000184e+000	
  1.0000147e+000	
  1.0000103e+000	
  1.0000053e+000	
  1.0000000e+000	
  9.9999451e-001	
  9.9998907e-001	
  9.9998389e-001	
  9.9997919e-001	
  9.9997515e-001	
  9.9997197e-001	
  9.9996979e-001	
  9.9996873e-001	
  9.9996886e-001	
  9.9997021e-001	
  9.9997276e-001	
  9.9997645e-001	
  9.9998116e-001	
  9.9998673e-001	
  9.9999298e-001	
  9.9999966e-001	
  1.0000065e+000	
  1.0000133e+000	
  1.0000198e+000	
  1.0000256e+000	
  1.0000306e+000	
  1.0000345e+000	
  1.0000372e+000	
  1.0000384e+000	
  1.0000382e+000	
  1.0000365e+000	
  1.0000332e+000	
  1.0000286e+000	
  1.0000228e+000	
  1.0000159e+000	
  1.0000082e+000	
  1.0000000e+000	
  9.9999158e-001	
  9.9998328e-001	
  9.9997542e-001	
  9.9996833e-001	
  9.9996231e-001	
  9.9995761e-001	
  9.9995446e-001	
  9.9995301e-001	
  9.9995337e-001	
  9.9995556e-001	
  9.9995954e-001	
  9.9996520e-001	
  9.9997237e-001	
  9.9998078e-001	
  9.9999015e-001	
  1.0000001e+000	
  1.0000103e+000	
  1.0000204e+000	
  1.0000299e+000	
  1.0000384e+000	
  1.0000457e+000	
  1.0000513e+000	
  1.0000551e+000	
  1.0000568e+000	
  1.0000564e+000	
  1.0000537e+000	
  1.0000489e+000	
  1.0000420e+000	
  1.0000334e+000	
  1.0000233e+000	
  1.0000120e+000	
  1.0000000e+000	
  9.9998774e-001	
  9.9997568e-001	
  9.9996431e-001	
  9.9995406e-001	
  9.9994538e-001	
  9.9993864e-001	
  9.9993413e-001	
  9.9993210e-001	
  9.9993266e-001	
  9.9993586e-001	
  9.9994163e-001	
  9.9994981e-001	
  9.9996012e-001	
  9.9997221e-001	
  9.9998565e-001	
  9.9999994e-001	
  1.0000146e+000	
  1.0000289e+000	
  1.0000425e+000	
  1.0000547e+000	
  1.0000650e+000	
  1.0000730e+000	
  1.0000784e+000	
  1.0000808e+000	
  1.0000801e+000	
  1.0000763e+000	
  1.0000694e+000	
  1.0000597e+000	
  1.0000474e+000	
  1.0000330e+000	
  1.0000170e+000	
  1.0000000e+000	
  9.9998262e-001	
  9.9996554e-001	
  9.9994943e-001	
  9.9993493e-001	
  9.9992265e-001	
  9.9991312e-001	
  9.9990676e-001	
  9.9990389e-001	
  9.9990471e-001	
  9.9990926e-001	
  9.9991745e-001	
  9.9992903e-001	
  9.9994363e-001	
  9.9996075e-001	
  9.9997978e-001	
  1.0000000e+000	
  1.0000207e+000	
  1.0000410e+000	
  1.0000602e+000	
  1.0000775e+000	
  1.0000921e+000	
  1.0001035e+000	
  1.0001111e+000	
  1.0001145e+000	
  1.0001136e+000	
  1.0001082e+000	
  1.0000984e+000	
  1.0000846e+000	
  1.0000672e+000	
  1.0000468e+000	
  1.0000241e+000	
  1.0000000e+000	
  9.9997532e-001	
  9.9995104e-001	
  9.9992812e-001	
  9.9990749e-001	
  9.9988999e-001	
  9.9987638e-001	
  9.9986728e-001	
  9.9986315e-001	
  9.9986425e-001	
  9.9987067e-001	
  9.9988228e-001	
  9.9989874e-001	
  9.9991953e-001	
  9.9994393e-001	
  9.9997108e-001	
