  9.9999999e-001	
  1.0000306e+000	
  1.0000627e+000	
  1.0000952e+000	
  1.0001270e+000	
  1.0001570e+000	
  1.0001844e+000	
  1.0002084e+000	
  1.0002284e+000	
  1.0002441e+000	
  1.0002555e+000	
  1.0002626e+000	
  1.0002658e+000	
  1.0002659e+000	
  1.0002635e+000	
  1.0002598e+000	
  1.0002560e+000	
  1.0002533e+000	
  1.0002532e+000	
  1.0002570e+000	
  1.0002660e+000	
  1.0002815e+000	
  1.0003046e+000	
  1.0003362e+000	
  1.0003771e+000	
  1.0004275e+000	
  1.0004877e+000	
  1.0005574e+000	
  1.0006363e+000	
  1.0007235e+000	
  1.0008180e+000	
  1.0009187e+000	
  1.0010240e+000	
  1.0011324e+000	
  1.0012421e+000	
  1.0013516e+000	
  1.0014592e+000	
  1.0015634e+000	
  1.0016628e+000	
  1.0017562e+000	
  1.0018429e+000	
  1.0019223e+000	
  1.0019943e+000	
  1.0020589e+000	
  1.0021168e+000	
  1.0021689e+000	
  1.0022165e+000	
  1.0022609e+000	
  1.0023040e+000	
  1.0023477e+000	
  1.0023941e+000	
  1.0024452e+000	
  1.0025031e+000	
  1.0025695e+000	
  1.0026463e+000	
  1.0027348e+000	
  1.0028361e+000	
  1.0029508e+000	
  1.0030793e+000	
  1.0032212e+000	
  1.0033760e+000	
  1.0035426e+000	
  1.0037194e+000	
  1.0039046e+000	
  1.0040960e+000	
  1.0042913e+000	
  1.0044878e+000	
  1.0046831e+000	
  1.0048746e+000	
  1.0050599e+000	
  1.0052369e+000	
  1.0054038e+000	
  1.0055593e+000	
  1.0057025e+000	
  1.0058330e+000	
  1.0059510e+000	
  1.0060574e+000	
  1.0061534e+000	
  1.0062409e+000	
  1.0063222e+000	
  1.0064000e+000	
  1.0064773e+000	
  1.0065574e+000	
  1.0066434e+000	
  1.0067387e+000	
  1.0068461e+000	
  1.0069684e+000	
  1.0071080e+000	
  1.0072666e+000	
  1.0074454e+000	
  1.0076448e+000	
  1.0078648e+000	
  1.0081044e+000	
  1.0083619e+000	
  1.0086351e+000	
  1.0089209e+000	
  1.0092160e+000	
  1.0095165e+000	
  1.0098184e+000	
  1.0101175e+000	
  1.0104096e+000	
  1.0106907e+000	
  1.0109573e+000	
  1.0112063e+000	
  1.0114354e+000	
  1.0116429e+000	
  1.0118281e+000	
  1.0119912e+000	
  1.0121331e+000	
  1.0122561e+000	
  1.0123629e+000	
  1.0124574e+000	
  1.0125440e+000	
  1.0126277e+000	
  1.0127138e+000	
  1.0128078e+000	
  1.0129153e+000	
  1.0130415e+000	
  1.0131912e+000	
  1.0133685e+000	
  1.0135769e+000	
  1.0138184e+000	
  1.0140945e+000	
  1.0144049e+000	
  1.0147483e+000	
  1.0151223e+000	
  1.0155230e+000	
  1.0159455e+000	
  1.0163840e+000	
  1.0168318e+000	
  1.0172818e+000	
  1.0177265e+000	
  1.0181583e+000	
  1.0185701e+000	
  1.0189551e+000	
  1.0193076e+000	
  1.0196228e+000	
  1.0198973e+000	
  1.0201293e+000	
  1.0203186e+000	
  1.0204666e+000	
  1.0205766e+000	
  1.0206535e+000	
  1.0207040e+000	
  1.0207360e+000	
  1.0207585e+000	
  1.0207816e+000	
  1.0208156e+000	
  1.0208712e+000	
  1.0209587e+000	
  1.0210877e+000	
  1.0212667e+000	
  1.0215029e+000	
  1.0218014e+000	
  1.0221655e+000	
  1.0225960e+000	
  1.0230912e+000	
  1.0236470e+000	
  1.0242568e+000	
  1.0249115e+000	
  1.0256000e+000	
  1.0263094e+000	
  1.0270254e+000	
  1.0277327e+000	
  1.0284156e+000	
  1.0290588e+000	
  1.0296477e+000	
  1.0301689e+000	
  1.0306114e+000	
  1.0309664e+000	
  1.0312282e+000	
  1.0313946e+000	
  1.0314669e+000	
  1.0314503e+000	
  1.0313539e+000	
  1.0311904e+000	
  1.0309760e+000	
  1.0307299e+000	
  1.0304738e+000	
  1.0302311e+000	
  1.0300262e+000	
  1.0298838e+000	
  1.0298275e+000	
  1.0298793e+000	
  1.0300584e+000	
  1.0303804e+000	
  1.0308566e+000	
  1.0314927e+000	
  1.0322891e+000	
  1.0332398e+000	
  1.0343326e+000	
  1.0355488e+000	
  1.0368640e+000	
  1.0382480e+000	
  1.0396659e+000	
  1.0410792e+000	
  1.0424465e+000	
  1.0437253e+000	
  1.0448734e+000	
  1.0458506e+000	
  1.0466200e+000	
  1.0471501e+000	
  1.0474161e+000	
  1.0474015e+000	
  1.0470995e+000	
  1.0465138e+000	
  1.0456594e+000	
  1.0445633e+000	
  1.0432640e+000	
  1.0418116e+000	
  1.0402667e+000	
  1.0386990e+000	
  1.0371860e+000	
  1.0358106e+000	
  1.0346580e+000	
  1.0338150e+000	
  1.0333640e+000	
  1.0333810e+000	
  1.0339330e+000	
  1.0350730e+000	
  1.0368400e+000	
  1.0392506e+000	
  1.0423004e+000	
  1.0459607e+000	
  1.0501760e+000	
  1.0548636e+000	
  1.0599125e+000	
  1.0651840e+000	
  1.0705130e+000	
  1.0757100e+000	
  1.0805630e+000	
  1.0848420e+000	
  1.0883050e+000	
  1.0906980e+000	
  1.0917700e+000	
  1.0912680e+000	
  1.0889560e+000	
  1.0846110e+000	
  1.0780390e+000	
  1.0690760e+000	
  1.0576000e+000	
  1.0435340e+000	
  1.0268530e+000	
  1.0075900e+000	
  9.8583900e-001	
  9.6175800e-001	
  9.3556600e-001	
  9.0756900e-001	
  8.7810400e-001	
  8.4760100e-001	
  8.1653000e-001	
  7.8542100e-001	
  7.5485400e-001	
  7.2542900e-001	
  6.9779600e-001	
  6.7259500e-001	
  6.5048600e-001	
  6.3211900e-001	
  6.1811400e-001	
  6.0907100e-001	
  6.0551000e-001	
  6.0793100e-001	
  6.1673400e-001	
  6.3223900e-001	
  6.5466600e-001	
  6.8413500e-001	
  7.2067600e-001	
  7.6415900e-001	
  8.1438400e-001	
  8.7099100e-001	
  9.3353000e-001	
  1.0014220e+000	
  1.0739840e+000	
  1.1504300e+000	
  1.2298860e+000	
  1.3113950e+000	
  1.3939460e+000	
  1.4764590e+000	
  1.5578340e+000	
  1.6369710e+000	
  1.7127400e+000	
  1.7840510e+000	
  1.8498540e+000	
  1.9091390e+000	
  1.9609960e+000	
  2.0045850e+000	
  2.0391860e+000	
  2.0641690e+000	
  2.0790640e+000	
  2.0835210e+000	
  2.0773400e+000	
  2.0604610e+000	
  2.0329740e+000	
  1.9951390e+000	
  1.9473360e+000	
  1.8900850e+000	
  1.8240560e+000	
  1.7500290e+000	
  1.6688840e+000	
  1.5816110e+000	
  1.4892800e+000	
  1.3930110e+000	
  1.2939740e+000	
  1.1933690e+000	
  1.0924160e+000	
  9.9231500e-001	
  8.9423600e-001	
  7.9931900e-001	
  7.0864400e-001	
  6.2321100e-001	
  5.4394000e-001	
  4.7166100e-001	
  4.0709400e-001	
  3.5082900e-001	
  3.0335600e-001	
  2.6504500e-001	
  2.3612600e-001	
  2.1671900e-001	
  2.0681400e-001	
  2.0628100e-001	
  2.1489000e-001	
  2.3230100e-001	
  2.5806400e-001	
  2.9166900e-001	
  3.3251600e-001	
  3.7992500e-001	
  4.3317600e-001	
  4.9151900e-001	
  5.5414400e-001	
  6.2026100e-001	
  6.8902000e-001	
  7.5962100e-001	
  8.3125400e-001	
  9.0312900e-001	
  9.7450600e-001	
  1.0446470e+000	
  1.1128960e+000	
  1.1786260e+000	
  1.2412740e+000	
  1.3003210e+000	
  1.3553200e+000	
  1.4058810e+000	
  1.4516940e+000	
  1.4924890e+000	
  1.5280760e+000	
  1.5582950e+000	
  1.5830960e+000	
  1.6024390e+000	
  1.6163740e+000	
  1.6249610e+000	
  1.6283600e+000	
  1.6267310e+000	
  1.6202940e+000	
  1.6092990e+000	
  1.5940260e+000	
  1.5748050e+000	
  1.5519560e+000	
  1.5258490e+000	
  1.4968640e+000	
  1.4653710e+000	
  1.4317800e+000	
  1.3965010e+000	
  1.3599240e+000	
  1.3224590e+000	
  1.2845060e+000	
  1.2464550e+000	
  1.2086810e+000	
  1.1715560e+000	
  1.1354240e+000	
  1.1006120e+000	
  1.0674250e+000	
  1.0361410e+000	
  1.0070140e+000	
  9.8027900e-001	
  9.5610600e-001	
  9.3467500e-001	
  9.1611600e-001	
  9.0050900e-001	
  8.8793400e-001	
  8.7840100e-001	
  8.7193000e-001	
  8.6846100e-001	
  8.6794400e-001	
  8.7026900e-001	
  8.7532600e-001	
  8.8295500e-001	
  8.9298600e-001	
  9.0522900e-001	
  9.1947400e-001	
  9.3549100e-001	
  9.5305000e-001	
  9.7191100e-001	
  9.9181400e-001	
  1.0125190e+000	
  1.0337860e+000	
  1.0553550e+000	
  1.0769980e+000	
  1.0984910e+000	
  1.1196190e+000	
  1.1401830e+000	
  1.1600000e+000	
  1.1789040e+000	
  1.1967470e+000	
  1.2134030e+000	
  1.2287650e+000	
  1.2427440e+000	
  1.2552740e+000	
  1.2663090e+000	
  1.2758140e+000	
  1.2837810e+000	
  1.2902300e+000	
  1.2951610e+000	
  1.2986240e+000	
  1.3006690e+000	
  1.3013660e+000	
  1.3007750e+000	
  1.2989760e+000	
  1.2960690e+000	
  1.2921340e+000	
  1.2872910e+000	
  1.2816200e+000	
  1.2752350e+000	
  1.2682420e+000	
  1.2607420e+000	
  1.2528410e+000	
  1.2446390e+000	
  1.2362350e+000	
  1.2277240e+000	
  1.2191990e+000	
  1.2107460e+000	
  1.2024480e+000	
  1.1943836e+000	
  1.1866240e+000	
  1.1792362e+000	
  1.1722810e+000	
  1.1658130e+000	
  1.1598810e+000	
  1.1545270e+000	
  1.1497870e+000	
  1.1456890e+000	
  1.1422570e+000	
  1.1395070e+000	
  1.1374460e+000	
  1.1360780e+000	
  1.1353990e+000	
  1.1353980e+000	
  1.1360590e+000	
  1.1373580e+000	
  1.1392680e+000	
  1.1417550e+000	
  1.1447790e+000	
  1.1482990e+000	
  1.1522670e+000	
  1.1566330e+000	
  1.1613440e+000	
  1.1663450e+000	
  1.1715810e+000	
  1.1769940e+000	
  1.1825280e+000	
  1.1881280e+000	
  1.1937390e+000	
  1.1993090e+000	
  1.2047884e+000	
  1.2101315e+000	
  1.2152960e+000	
  1.2202436e+000	
  1.2249408e+000	
  1.2293590e+000	
  1.2334730e+000	
  1.2372660e+000	
  1.2407220e+000	
  1.2438330e+000	
  1.2465940e+000	
  1.2490060e+000	
  1.2510730e+000	
  1.2528030e+000	
  1.2542090e+000	
  1.2553050e+000	
  1.2561090e+000	
  1.2566400e+000	
  1.2569200e+000	
  1.2569730e+000	
  1.2568210e+000	
  1.2564890e+000	
  1.2560010e+000	
  1.2553820e+000	
  1.2546560e+000	
  1.2538450e+000	
  1.2529720e+000	
  1.2520580e+000	
  1.2511230e+000	
  1.2501847e+000	
  1.2492614e+000	
  1.2483688e+000	
  1.2475217e+000	
  1.2467334e+000	
  1.2460160e+000	
  1.2453805e+000	
  1.2448367e+000	
  1.2443931e+000	
  1.2440575e+000	
  1.2438364e+000	
  1.2437353e+000	
  1.2437590e+000	
  1.2439110e+000	
  1.2441940e+000	
  1.2446100e+000	
  1.2451600e+000	
  1.2458430e+000	
  1.2466590e+000	
  1.2476040e+000	
  1.2486760e+000	
  1.2498710e+000	
  1.2511830e+000	
  1.2526050e+000	
  1.2541310e+000	
  1.2557510e+000	
  1.2574581e+000	
  1.2592407e+000	
  1.2610887e+000	
  1.2629912e+000	
  1.2649365e+000	
  1.2669130e+000	
  1.2689090e+000	
  1.2709128e+000	
  1.2729128e+000	
  1.2748982e+000	
  1.2768585e+000	
  1.2787840e+000	
  1.2806659e+000	
  1.2824964e+000	
  1.2842686e+000	
  1.2859770e+000	
  1.2876172e+000	
  1.2891859e+000	
  1.2906812e+000	
  1.2921024e+000	
  1.2934497e+000	
  1.2947247e+000	
  1.2959297e+000	
  1.2970681e+000	
  1.2981440e+000	
  1.2991621e+000	
  1.3001276e+000	
  1.3010460e+000	
  1.3019232e+000	
  1.3027650e+000	
  1.3035773e+000	
  1.3043659e+000	
  1.3051363e+000	
  1.3058936e+000	
  1.3066428e+000	
  1.3073882e+000	
  1.3081338e+000	
  1.3088831e+000	
  1.3096393e+000	
  1.3104048e+000	
  1.3111820e+000	
  1.3119727e+000	
  1.3127782e+000	
  1.3136000e+000	
  1.3144389e+000	
  1.3152958e+000	
  1.3161713e+000	
  1.3170661e+000	
  1.3179805e+000	
  1.3189152e+000	
  1.3198707e+000	
  1.3208474e+000	
  1.3218458e+000	
  1.3228665e+000	
  1.3239100e+000	
  1.3249766e+000	
  1.3260669e+000	
  1.3271810e+000	
  1.3283193e+000	
  1.3294816e+000	
  1.3306678e+000	
  1.3318775e+000	
  1.3331101e+000	
  1.3343646e+000	
  1.3356398e+000	
  1.3369343e+000	
  1.3382464e+000	
  1.3395740e+000	
  1.3409151e+000	
  1.3422671e+000	
  1.3436276e+000	
  1.3449939e+000	
  1.3463634e+000	
  1.3477333e+000	
  1.3491010e+000	
  1.3504640e+000	
  1.3518200e+000	
  1.3531668e+000	
  1.3545026e+000	
  1.3558257e+000	
  1.3571350e+000	
  1.3584295e+000	
  1.3597087e+000	
  1.3609723e+000	
  1.3622205e+000	
  1.3634537e+000	
  1.3646728e+000	
  1.3658787e+000	
  1.3670727e+000	
  1.3682563e+000	
  1.3694309e+000	
  1.3705984e+000	
  1.3717603e+000	
  1.3729184e+000	
  1.3740742e+000	
  1.3752294e+000	
  1.3763853e+000	
  1.3775432e+000	
  1.3787042e+000	
  1.3798691e+000	
  1.3810387e+000	
  1.3822134e+000	
  1.3833935e+000	
  1.3845793e+000	
  1.3857706e+000	
  1.3869673e+000	
  1.3881692e+000	
  1.3893760e+000	
  1.3905873e+000	
  1.3918028e+000	
  1.3930221e+000	
  1.3942450e+000	
  1.3954710e+000	
  1.3967002e+000	
  1.3979324e+000	
  1.3991676e+000	
  1.4004060e+000	
  1.4016477e+000	
  1.4028931e+000	
  1.4041425e+000	
  1.4053963e+000	
  1.4066549e+000	
  1.4079189e+000	
  1.4091886e+000	
  1.4104645e+000	
  1.4117469e+000	
  1.4130360e+000	
  1.4143321e+000	
  1.4156353e+000	
  1.4169454e+000	
  1.4182623e+000	
  1.4195856e+000	
  1.4209150e+000	
  1.4222500e+000	
  1.4235899e+000	
  1.4249339e+000	
  1.4262814e+000	
  1.4276314e+000	
  1.4289832e+000	
  1.4303360e+000	
  1.4316889e+000	
  1.4330413e+000	
  1.4343924e+000	
  1.4357417e+000	
  1.4370887e+000	
  1.4384331e+000	
  1.4397748e+000	
  1.4411135e+000	
  1.4424495e+000	
  1.4437827e+000	
  1.4451137e+000	
  1.4464426e+000	
  1.4477701e+000	
  1.4490966e+000	
  1.4504227e+000	
  1.4517491e+000	
  1.4530763e+000	
  1.4544050e+000	
  1.4557357e+000	
  1.4570690e+000	
  1.4584052e+000	
  1.4597448e+000	
  1.4610880e+000	
  1.4624350e+000	
  1.4637860e+000	
  1.4651409e+000	
  1.4664996e+000	
  1.4678621e+000	
  1.4692280e+000	
  1.4705972e+000	
  1.4719693e+000	
  1.4733440e+000	
  1.4747210e+000	
  1.4761000e+000	
  1.4774806e+000	
  1.4788627e+000	
  1.4802461e+000	
  1.4816305e+000	
  1.4830159e+000	
  1.4844022e+000	
  1.4857896e+000	
  1.4871781e+000	
  1.4885679e+000	
  1.4899592e+000	
  1.4913521e+000	
  1.4927471e+000	
  1.4941444e+000	
  1.4955443e+000	
  1.4969471e+000	
  1.4983530e+000	
  1.4997622e+000	
  1.5011750e+000	
  1.5025915e+000	
  1.5040118e+000	
  1.5054358e+000	
  1.5068636e+000	
  1.5082951e+000	
  1.5097301e+000	
  1.5111684e+000	
  1.5126098e+000	
  1.5140539e+000	
  1.5155006e+000	
  1.5169494e+000	
  1.5184000e+000	
  1.5198522e+000	
  1.5213056e+000	
  1.5227601e+000	
  1.5242153e+000	
  1.5256711e+000	
  1.5271274e+000	
  1.5285841e+000	
  1.5300412e+000	
  1.5314987e+000	
  1.5329566e+000	
  1.5344152e+000	
  1.5358746e+000	
  1.5373350e+000	
  1.5387966e+000	
  1.5402597e+000	
  1.5417245e+000	
  1.5431911e+000	
  1.5446600e+000	
  1.5461311e+000	
  1.5476049e+000	
  1.5490813e+000	
  1.5505605e+000	
  1.5520426e+000	
  1.5535275e+000	
  1.5550154e+000	
  1.5565061e+000	
  1.5579995e+000	
  1.5594957e+000	
  1.5609943e+000	
  1.5624954e+000	
  1.5639986e+000	
  1.5655040e+000	
  1.5670113e+000	
  1.5685204e+000	
  1.5700311e+000	
  1.5715435e+000	
  1.5730573e+000	
  1.5745725e+000	
  1.5760892e+000	
  1.5776073e+000	
  1.5791269e+000	
  1.5806480e+000	
  1.5821707e+000	
  1.5836950e+000	
  1.5852212e+000	
  1.5867493e+000	
  1.5882795e+000	
  1.5898118e+000	
  1.5913463e+000	
  1.5928832e+000	
  1.5944226e+000	
  1.5959645e+000	
  1.5975088e+000	
  1.5990558e+000	
  1.6006053e+000	
  1.6021573e+000	
  1.6037118e+000	
  1.6052687e+000	
  1.6068279e+000	
  1.6083894e+000	
  1.6099530e+000	
  1.6115187e+000	
  1.6130864e+000	
  1.6146560e+000	
  1.6162274e+000	
  1.6178005e+000	
  1.6193753e+000	
  1.6209518e+000	
  1.6225299e+000	
  1.6241097e+000	
  1.6256911e+000	
  1.6272742e+000	
  1.6288590e+000	
  1.6304455e+000	
  1.6320339e+000	
  1.6336241e+000	
  1.6352163e+000	
  1.6368104e+000	
  1.6384066e+000	
  1.6400048e+000	
  1.6416051e+000	
  1.6432076e+000	
  1.6448122e+000	
  1.6464189e+000	
  1.6480277e+000	
  1.6496386e+000	
  1.6512516e+000	
  1.6528666e+000	
  1.6544836e+000	
  1.6561026e+000	
  1.6577235e+000	
  1.6593463e+000	
  1.6609709e+000	
  1.6625974e+000	
  1.6642258e+000	
  1.6658560e+000	
  1.6674881e+000	
  1.6691221e+000	
  1.6707580e+000	
  1.6723959e+000	
  1.6740359e+000	
  1.6756780e+000	
  1.6773222e+000	
  1.6789686e+000	
  1.6806172e+000	
  1.6822681e+000	
  1.6839213e+000	
  1.6855769e+000	
  1.6872347e+000	
  1.6888949e+000	
  1.6905573e+000	
  1.6922219e+000	
  1.6938888e+000	
  1.6955576e+000	
  1.6972286e+000	
  1.6989014e+000	
  1.7005761e+000	
  1.7022525e+000	
  1.7039306e+000	
  1.7056103e+000	
  1.7072916e+000	
  1.7089745e+000	
  1.7106588e+000	
  1.7123446e+000	
  1.7140320e+000	
  1.7157210e+000	
  1.7174116e+000	
  1.7191040e+000	
  1.7207982e+000	
  1.7224944e+000	
  1.7241926e+000	
  1.7258931e+000	
  1.7275959e+000	
  1.7293011e+000	
  1.7310088e+000	
  1.7327191e+000	
  1.7344321e+000	
  1.7361478e+000	
  1.7378662e+000	
  1.7395873e+000	
  1.7413110e+000	
  1.7430372e+000	
  1.7447659e+000	
  1.7464968e+000	
  1.7482299e+000	
  1.7499650e+000	
  1.7517019e+000	
  1.7534405e+000	
  1.7551806e+000	
  1.7569220e+000	
  1.7586647e+000	
  1.7604085e+000	
  1.7621534e+000	
  1.7638993e+000	
  1.7656463e+000	
  1.7673944e+000	
  1.7691437e+000	
  1.7708943e+000	
  1.7726463e+000	
  1.7744000e+000	
  1.7761555e+000	
  1.7779131e+000	
  1.7796729e+000	
  1.7814352e+000	
  1.7832002e+000	
  1.7849680e+000	
  1.7867388e+000	
  1.7885127e+000	
  1.7902899e+000	
  1.7920702e+000	
  1.7938538e+000	
  1.7956404e+000	
  1.7974302e+000	
  1.7992227e+000	
  1.8010180e+000	
  1.8028157e+000	
  1.8046155e+000	
  1.8064173e+000	
  1.8082208e+000	
  1.8100256e+000	
  1.8118316e+000	
  1.8136385e+000	
  1.8154462e+000	
  1.8172544e+000	
  1.8190632e+000	
  1.8208725e+000	
  1.8226822e+000	
  1.8244926e+000	
  1.8263038e+000	
  1.8281159e+000	
  1.8299292e+000	
  1.8317440e+000	
  1.8335606e+000	
  1.8353793e+000	
  1.8372004e+000	
  1.8390243e+000	
  1.8408513e+000	
  1.8426816e+000	
  1.8445155e+000	
  1.8463530e+000	
  1.8481944e+000	
  1.8500396e+000	
  1.8518885e+000	
  1.8537412e+000	
  1.8555974e+000	
  1.8574568e+000	
  1.8593192e+000	
  1.8611841e+000	
  1.8630513e+000	
  1.8649204e+000	
  1.8667909e+000	
  1.8686625e+000	
  1.8705347e+000	
  1.8724073e+000	
  1.8742801e+000	
  1.8761528e+000	
  1.8780254e+000	
  1.8798977e+000	
  1.8817699e+000	
  1.8836420e+000	
  1.8855144e+000	
  1.8873873e+000	
  1.8892610e+000	
  1.8911360e+000	
  1.8930127e+000	
  1.8948917e+000	
  1.8967733e+000	
  1.8986581e+000	
  1.9005464e+000	
  1.9024386e+000	
  1.9043351e+000	
  1.9062361e+000	
  1.9081417e+000	
  1.9100519e+000	
  1.9119666e+000	
  1.9138858e+000	
  1.9158091e+000	
  1.9177362e+000	
  1.9196666e+000	
  1.9215999e+000	
  1.9235356e+000	
  1.9254729e+000	
  1.9274115e+000	
  1.9293507e+000	
  1.9312900e+000	
  1.9332290e+000	
  1.9351674e+000	
  1.9371048e+000	
  1.9390411e+000	
  1.9409763e+000	
  1.9429104e+000	
  1.9448437e+000	
  1.9467764e+000	
  1.9487090e+000	
  1.9506420e+000	
  1.9525760e+000	
  1.9545116e+000	
  1.9564495e+000	
  1.9583904e+000	
  1.9603349e+000	
  1.9622837e+000	
  1.9642371e+000	
  1.9661958e+000	
  1.9681599e+000	
  1.9701297e+000	
  1.9721053e+000	
  1.9740864e+000	
  1.9760730e+000	
  1.9780646e+000	
  1.9800608e+000	
  1.9820608e+000	
  1.9840640e+000	
  1.9860697e+000	
  1.9880770e+000	
  1.9900852e+000	
  1.9920935e+000	
  1.9941011e+000	
  1.9961075e+000	
  1.9981121e+000	
  2.0001145e+000	
  2.0021145e+000	
  2.0041122e+000	
  2.0061074e+000	
  2.0081006e+000	
  2.0100922e+000	
  2.0120828e+000	
  2.0140731e+000	
  2.0160640e+000	
  2.0180563e+000	
  2.0200510e+000	
  2.0220491e+000	
  2.0240515e+000	
  2.0260590e+000	
  2.0280724e+000	
  2.0300923e+000	
  2.0321192e+000	
  2.0341533e+000	
  2.0361947e+000	
  2.0382433e+000	
  2.0402987e+000	
  2.0423605e+000	
  2.0444279e+000	
  2.0465001e+000	
