  2.0044903e-001	
  1.6571819e+000	
  6.6155026e-003	
 -2.6110780e-001	
  3.1726736e-001	
  8.8196431e-001	
  2.2897341e-001	
 -1.1664206e+000	
 -1.0753476e+000	
 -5.1002083e-001	
 -8.3544317e-001	
 -3.0942194e-002	
 -3.6868951e-001	
  1.2643117e+000	
 -8.1335322e-001	
  3.3696733e-001	
 -1.3316340e+000	
 -2.0924893e+000	
 -2.6525613e-001	
 -3.4006642e-002	
 -3.6795143e-002	
  1.2050934e+000	
  4.2517628e-002	
  1.7901929e+000	
  1.6052490e+000	
 -3.5854650e-001	
  4.3060593e-001	
 -4.9548934e-001	
 -7.6996912e-001	
 -6.0036076e-001	
  1.3429903e+000	
  1.7619572e+000	
 -3.5679109e-001	
  5.6416872e-001	
  1.0933949e+000	
  3.7190148e-001	
  7.6241438e-001	
  1.5196393e-001	
 -5.3860959e-001	
  1.5028432e+000	
  1.7733562e+000	
 -1.1130412e+000	
  3.5706187e-001	
 -1.0963501e+000	
  2.4987163e-001	
  1.0540663e+000	
  5.2308440e-001	
  5.6504300e-001	
 -7.4169047e-001	
 -2.4830462e+000	
 -8.7926847e-001	
 -6.7592398e-001	
  3.3285783e-001	
 -1.5038062e+000	
  2.5216701e-002	
  1.0254487e+000	
 -1.0017743e+000	
 -1.1945918e+000	
 -1.1497655e-001	
  5.6017778e-001	
 -1.5469277e-001	
 -1.4639225e+000	
 -4.8807818e-002	
  1.9165813e-003	
  3.2733547e-002	
 -1.6140729e-001	
  2.1043175e-001	
  1.5542686e+000	
 -1.4791714e-002	
  6.9744703e-002	
  7.8064550e-001	
  1.1686022e+000	
 -9.4504045e-001	
  4.5488388e-001	
 -7.4474982e-001	
 -3.1318243e-001	
 -1.0638479e+000	
 -1.8576466e+000	
  5.6705174e-001	
  1.3219191e-001	
 -6.0486205e-001	
  8.7220675e-002	
 -5.7874629e-001	
 -1.3700272e+000	
 -2.0343538e-001	
 -7.4781208e-001	
 -7.3564930e-001	
 -1.7729459e+000	
 -1.8249600e+000	
  5.8599419e-001	
 -1.5705038e+000	
  1.4026972e+000	
 -2.9037735e-001	
 -7.5468584e-001	
 -2.1874974e+000	
 -8.2465151e-001	
 -1.7326932e+000	
  5.1501075e-001	
 -9.3992577e-001	
  9.2782059e-001	
  1.2802969e-001	
 -1.9118654e+000	
 -7.1942507e-001	
 -8.0919675e-002	
  9.1937716e-001	
 -1.2189368e+000	
  3.4415968e-001	
 -1.1030544e+000	
  1.4869760e+000	
 -5.0543658e-001	
  4.5697206e-001	
  1.5400596e-001	
  6.8562170e-001	
 -1.2118310e+000	
  1.2598639e+000	
  8.0857349e-001	
 -3.0048746e-001	
  3.5058438e-001	
  4.6571648e-001	
 -1.2245893e+000	
  1.3270872e+000	
 -9.4007889e-001	
  1.3556096e+000	
  5.8980935e-001	
 -2.0793184e+000	
 -1.2412113e-001	
 -7.8150813e-001	
 -8.0589703e-001	
  1.1632658e+000	
 -1.1698592e+000	
  1.0984424e+000	
 -7.0731075e-002	
  2.1677285e+000	
 -1.3097479e+000	
 -1.5761624e+000	
  1.2025407e+000	
  1.6848896e-001	
  3.7099005e-001	
 -3.2270519e-001	
 -5.1087598e-002	
  7.4369556e-001	
  9.4628777e-001	
  2.9505918e+000	
 -1.3413093e+000	
 -1.2437650e+000	
 -1.8474648e+000	
  1.1058843e+000	
 -4.5865351e-001	
 -6.6302577e-001	
  3.2166095e-001	
 -1.0182905e+000	
  7.9520094e-001	
 -6.3426131e-001	
 -7.8993428e-001	
  5.6676851e-001	
  3.3864166e-001	
 -1.8637243e+000	
 -4.3828894e-001	
  1.4778094e+000	
  7.4070963e-001	
  5.6919468e-001	
 -1.6372163e+000	
  4.2732753e-001	
 -1.2007744e+000	
  2.3611647e+000	
 -1.1256610e+000	
  6.2737519e-001	
 -2.9533971e-001	
 -1.7683427e+000	
  2.3607545e-001	
 -1.7287881e+000	
 -4.2798863e-001	
 -2.4840249e-001	
  1.1411267e+000	
 -1.0104919e+000	
 -4.4039625e-001	
  4.9209264e-001	
  4.1870073e-001	
 -1.4116639e+000	
 -9.4553545e-001	
 -5.6743248e-003	
  1.6259785e+000	
  3.7619284e-001	
 -2.2307202e-001	
  7.4857651e-001	
 -1.4334293e+000	
 -5.6771866e-001	
  2.0946050e-002	
  2.2557791e+000	
  6.4317446e-001	
 -2.7217424e-001	
  2.0295437e-001	
  3.0305956e-001	
 -9.1357096e-001	
 -1.2600038e-001	
  1.6461465e+000	
 -8.1383895e-001	
 -1.0473359e+000	
  1.4329948e+000	
  1.4423901e+000	
  9.4992857e-002	
  4.4246760e-001	
 -9.7581511e-001	
  7.9237881e-001	
 -2.3104130e+000	
  1.5155669e+000	
  9.4106548e-001	
  4.7173504e-002	
  2.4612595e-001	
  2.2655767e-001	
  6.8588071e-001	
  5.9731972e-001	
  2.5402920e-001	
  6.3518391e-001	
 -2.9904199e-001	
 -5.9672706e-002	
 -3.2850253e-001	
  8.3933951e-001	
 -4.6424205e-001	
  1.0939532e+000	
 -5.2782347e-001	
  5.3033420e-002	
 -3.4894869e-001	
  8.1032428e-001	
  4.4201218e-001	
  8.6125522e-001	
 -4.0933823e-001	
  1.6524767e+000	
  1.1179075e-001	
  2.3996156e-001	
  1.0619675e+000	
  3.6165501e-001	
 -4.9836814e-002	
 -1.2548449e-001	
  1.2374729e+000	
 -1.2195665e+000	
 -2.4861131e-001	
 -8.2232908e-001	
 -1.6149374e+000	
  6.8837347e-001	
  1.5121863e+000	
  1.5283715e+000	
 -7.3133801e-001	
 -1.7578402e+000	
  1.2770988e-001	
 -2.4241902e-001	
  1.2817154e+000	
  1.1976589e+000	
  2.8733576e+000	
  1.6626224e+000	
 -1.1092857e+000	
 -4.3736128e-001	
  6.7056115e-001	
  1.7781874e+000	
 -3.0548436e-001	
 -1.3075799e+000	
 -2.4070857e-001	
 -1.5104668e+000	
  1.6674109e+000	
  1.7977328e+000	
  6.6521823e-001	
  2.5629741e-001	
  4.6092389e-001	
 -2.5364220e+000	
  3.1547632e-002	
  1.4046916e+000	
  6.8791005e-001	
 -1.9030526e+000	
 -3.7065598e-002	
  1.1782784e-001	
  5.2956209e-001	
  1.8675263e+000	
 -1.0435240e+000	
 -5.4602523e-001	
 -2.2472374e-002	
  3.3394693e-001	
 -9.5980556e-001	
  4.5897335e-001	
 -2.0721101e+000	
 -7.1919013e-001	
  5.2533277e-002	
 -3.7973642e+000	
  6.9556942e-001	
 -1.4588243e-001	
  8.7254478e-001	
  3.9115644e-001	
 -3.4898446e-001	
  2.3158097e-001	
 -3.4722221e-001	
 -2.4907888e+000	
 -6.8248473e-001	
 -3.3136427e-001	
 -3.5130207e-001	
 -4.6007889e-001	
  1.2950312e+000	
 -5.2902278e-001	
 -7.5451787e-002	
 -7.9063060e-001	
  1.3809481e+000	
  2.5207140e+000	
  7.9552510e-001	
  1.0120842e+000	
 -1.4664503e-001	
  5.6095829e-001	
 -1.0659419e+000	
 -4.9180897e-001	
  9.5451392e-001	
  2.8907592e-001	
  5.1615198e-001	
 -1.1473004e-001	
 -2.0706334e+000	
 -1.9096021e+000	
  5.1589211e-001	
  9.1751746e-001	
 -1.6741686e+000	
 -2.2718586e+000	
  6.6720781e-001	
 -2.3480147e-001	
 -2.7239493e-001	
  2.0175344e-001	
  5.3288714e-001	
  2.0289415e-001	
  1.1422204e-001	
  6.2018626e-001	
  4.4556744e-001	
  1.0743259e+000	
  9.6307265e-001	
  9.0733819e-001	
  1.3217347e-001	
  9.7682331e-001	
 -4.3466432e-001	
  3.0835363e-001	
 -8.7733957e-001	
  1.1208867e+000	
  3.6260172e-001	
  1.8386155e+000	
  6.9268179e-001	
 -8.3059800e-001	
 -8.0755443e-001	
  5.2316402e-001	
  4.5880180e-001	
  9.8984666e-001	
 -1.6322546e+000	
  1.1280375e+000	
 -7.7027957e-003	
 -3.4142305e-002	
  7.4006689e-001	
  3.1087862e-002	
  1.2428916e+000	
  5.1355049e-001	
  7.3457967e-001	
 -4.6552443e-001	
  5.3469685e-002	
  3.8050544e-001	
  1.4281048e+000	
  1.6311835e+000	
  2.3749007e-001	
  7.3230103e-002	
 -1.2566984e+000	
 -5.5462757e-001	
  4.4916661e-001	
 -2.1994429e-001	
 -8.5769893e-001	
 -4.5717604e-001	
  7.3471632e-001	
 -7.7566211e-001	
 -3.3794408e-002	
 -1.2061815e+000	
 -6.0073576e-001	
  1.0462136e+000	
 -1.4791846e-001	
 -5.6962409e-001	
  5.7373688e-001	
 -9.3603700e-001	
 -8.3329489e-001	
  4.8780274e-001	
  8.8288866e-002	
 -5.5703155e-002	
  5.5456872e-001	
 -1.1399917e-001	
 -1.9579815e-001	
  2.5424927e-001	
 -1.3107279e-001	
  2.2949335e+000	
 -1.8770534e-001	
  1.0615333e-001	
 -1.4524004e-001	
 -4.5490842e-001	
  1.2742862e+000	
 -3.6051795e-001	
  9.8850692e-001	
  2.1520502e-001	
  1.5696839e+000	
  2.0312551e-001	
 -4.1345382e-001	
  5.1931331e-001	
  7.5300762e-001	
  8.5365295e-002	
  4.1968411e-001	
 -1.3627907e+000	
 -1.2215811e+000	
 -4.2392245e-001	
  2.9908388e-001	
 -1.1281808e+000	
  1.6961381e+000	
 -8.6311303e-001	
  1.1466356e+000	
 -1.4012399e+000	
  1.4078947e+000	
  1.5790894e+000	
 -9.5008974e-001	
  2.8361915e-002	
  2.7662155e+000	
 -1.1134562e-001	
 -4.3267342e-001	
 -4.4705160e-001	
 -5.1569498e-002	
 -8.9831195e-004	
 -2.4092627e-001	
  5.2033123e-001	
  7.1778995e-001	
  2.0850667e+000	
 -4.2477153e-002	
  1.4317687e-001	
 -3.6727193e-001	
 -1.9071029e+000	
  3.6022088e-001	
  3.1442937e-001	
 -1.4663375e-001	
  4.2260442e-001	
  2.5594012e-001	
 -8.9771921e-001	
  6.2140122e-001	
  1.2922015e+000	
  1.1463257e+000	
  6.9241616e-001	
 -5.2230973e-001	
 -2.5917340e-001	
 -5.0333951e-001	
 -3.6588979e-001	
 -3.7910102e-001	
 -1.4612993e+000	
 -2.9999660e-001	
  5.9332490e-001	
  1.5042909e+000	
  1.5099481e+000	
 -3.2770604e-001	
 -1.1797866e+000	
 -1.8577469e+000	
 -6.9412830e-001	
  1.1201242e+000	
  4.1365723e-001	
 -4.2602582e-001	
 -4.8255264e-001	
 -2.1251430e+000	
 -1.5243835e+000	
 -3.0247929e-002	
  9.1761261e-001	
 -6.1699317e-002	
  4.9933114e-001	
  6.4890741e-001	
  1.3585030e+000	
 -4.4617498e-001	
  5.7052420e-001	
 -1.8613490e-001	
  4.0338306e-001	
  1.0949859e-001	
 -5.2124673e-002	
  9.3137434e-001	
  4.7882894e-001	
  8.0733191e-001	
  8.6287034e-002	
  1.3422717e+000	
  1.3053711e+000	
  1.2484916e-001	
 -5.0876059e-001	
 -5.4677682e-001	
  1.1305594e+000	
  1.7498430e+000	
  1.0473422e+000	
  8.5340784e-001	
  8.1658035e-002	
  3.1107905e-001	
 -1.0204001e-001	
 -3.7369621e-002	
  3.7376089e-001	
  9.3418408e-001	
 -4.6347177e-001	
  1.4136567e+000	
  5.5181606e-001	
  6.3692336e-001	
 -5.4766897e-001	
 -4.1257372e-001	
  9.0150305e-002	
 -1.1411864e+000	
 -1.4492056e+000	
 -2.1547600e+000	
  4.8812149e-001	
  7.9701239e-001	
 -2.3025573e-001	
  6.5479535e-001	
  7.7801137e-001	
 -1.5054005e+000	
 -1.3336116e+000	
 -1.2184613e+000	
  1.2686853e+000	
  1.2946847e+000	
  9.2081034e-001	
  9.9320315e-001	
  1.5437108e-001	
 -1.7134272e+000	
  5.7850822e-001	
 -6.8676159e-001	
  5.5188391e-001	
  3.2639116e-001	
  1.6730329e-001	
  7.3115678e-001	
 -5.7169843e-001	
 -4.2489775e-001	
  5.8526730e-001	
  4.1235665e-001	
  5.8519650e-001	
 -4.4380647e-001	
  1.5066799e+000	
  8.2407082e-001	
 -1.0976938e+000	
 -3.5856407e-001	
  3.9674759e-001	
  2.4205826e-001	
  7.7965936e-001	
 -1.0575141e+000	
  1.6609098e+000	
 -1.5974431e+000	
 -1.2058356e+000	
  3.3914408e-001	
  6.8992199e-002	
  4.5311223e-001	
  4.6342039e-001	
  1.9768002e-001	
 -5.1292764e-001	
 -9.9299540e-001	
 -7.9969194e-001	
  8.9130470e-001	
 -1.6132810e+000	
  6.7827269e-001	
 -1.6962642e+000	
  2.6475225e-001	
  2.0165070e+000	
 -1.6675789e+000	
  1.1086746e-001	
  1.0392379e+000	
 -2.1205057e-001	
 -5.7384593e-001	
 -8.0228724e-001	
 -5.8137122e-001	
  2.4870594e-001	
 -6.7735600e-001	
  3.5556254e-001	
  1.9681859e+000	
  5.7946627e-001	
 -1.0741326e+000	
  1.2605732e+000	
  1.4999290e+000	
 -2.8126550e-001	
  5.0457269e-001	
  1.0338771e+000	
 -1.5046487e+000	
 -2.3408345e+000	
  2.5842429e-001	
 -5.2379934e-001	
  2.2803487e-001	
  3.1985458e-001	
 -9.5283359e-001	
  1.4502422e+000	
 -4.2931536e-001	
  9.9629788e-002	
  1.1505691e+000	
  1.0943940e+000	
  1.3262482e-001	
 -7.4058847e-001	
 -3.7136920e-001	
 -1.1982066e+000	
 -4.7312808e-001	
 -2.8787679e-001	
 -3.0805242e-001	
 -5.7428614e-001	
 -6.8065782e-002	
 -1.0399270e+000	
 -2.6950422e-001	
 -1.0642647e+000	
 -7.4656120e-001	
 -1.2144041e-002	
  2.8377505e-001	
 -1.5286581e-001	
  3.8326236e-001	
 -9.9903113e-001	
 -2.3746268e+000	
 -3.2414719e-001	
  4.7355575e-001	
  5.7114168e-001	
  1.3970087e-001	
 -9.9699155e-002	
 -5.0216362e-001	
 -1.1411188e+000	
  1.3356619e+000	
  1.3950091e+000	
  8.2928520e-001	
  7.2408496e-002	
 -3.3819006e-001	
  1.7389855e-002	
  1.6977450e+000	
 -2.6507273e-001	
 -6.1985123e-002	
 -1.7998885e+000	
  3.5794209e-001	
  3.8486655e-001	
  3.4518857e-001	
  1.6767214e+000	
 -1.4260444e+000	
 -2.6269039e-001	
 -4.2620410e-001	
  1.0378085e+000	
 -8.6782077e-001	
  5.0697847e-001	
 -2.1342799e+000	
 -6.1446575e-001	
 -8.3003701e-001	
  1.1909324e+000	
 -9.0400084e-001	
 -3.2095018e-001	
  1.0167808e+000	
  4.1583221e-001	
 -3.5918650e-001	
 -1.0253925e+000	
  3.8737037e-001	
  4.0610021e-001	
 -1.0353415e+000	
  1.4300767e-001	
 -3.5049658e-001	
 -9.9922119e-001	
 -8.1556140e-001	
 -1.0292630e+000	
  7.9832637e-001	
 -1.8744069e-001	
 -2.2670225e-001	
 -1.5173844e+000	
  1.8528986e+000	
 -1.7251993e+000	
 -7.8391005e-001	
 -8.8705284e-001	
  8.3807719e-001	
 -1.9965671e-001	
  1.0324747e+000	
 -5.5780923e-001	
 -4.5183130e-001	
  1.6070127e+000	
 -1.8399247e-001	
 -3.8442176e-001	
 -8.2752114e-001	
 -2.7331002e-001	
 -1.6893403e-001	
 -9.9352794e-002	
  1.8928235e+000	
  4.2131470e-001	
  6.1382784e-001	
 -6.7008445e-001	
  8.8639650e-001	
  3.2041220e-001	
 -2.3350567e-001	
  6.7467966e-001	
 -9.4122517e-001	
  1.0621120e+000	
  6.1804436e-001	
  1.3534624e+000	
  6.1817946e-001	
  5.6165096e-002	
 -7.2607908e-001	
 -5.0261108e-001	
 -1.2861720e+000	
  1.0334633e+000	
  3.3210864e+000	
  3.6553865e-001	
  1.0540852e+000	
  9.9096787e-001	
  1.5972732e-001	
  3.6723631e-001	
 -1.7815376e+000	
  5.4555737e-001	
 -3.7574608e+000	
 -2.0589985e+000	
  4.5579935e-002	
  7.1062951e-001	
 -5.7543432e-001	
  3.0305578e-001	
  9.1578429e-001	
 -1.7671166e-002	
 -2.1814056e-001	
 -1.2196161e+000	
 -1.6200968e+000	
  8.0341620e-001	
 -3.6353911e-001	
 -2.5001350e-001	
 -7.6698428e-001	
 -8.0149435e-001	
 -3.5487157e-001	
 -2.6115286e+000	
 -1.4339122e-001	
 -2.9888275e-001	
  5.9086197e-001	
  5.6965988e-001	
  1.1165070e-001	
  1.0188224e+000	
  1.4780434e+000	
  1.0030627e+000	
  3.3344412e-001	
 -5.8343169e-001	
 -1.0405986e+000	
  1.5867092e+000	
  5.9553419e-001	
 -7.2429094e-001	
 -4.1532700e-002	
 -3.9306044e-001	
  1.4294231e+000	
  1.5062042e-001	
  8.1981015e-002	
 -1.8937502e-001	
 -1.5653447e-001	
  1.0986071e-001	
  2.7258568e-001	
 -4.8917123e-001	
 -1.2897709e+000	
 -6.3378456e-001	
  1.6800887e+000	
  1.1790092e+000	
  1.2532078e+000	
 -1.7589839e-001	
 -1.5037812e-001	
 -1.5922159e+000	
 -7.6369306e-001	
  9.3304836e-001	
 -8.2382504e-001	
 -7.7261278e-001	
 -1.4586904e-001	
  8.2272763e-002	
 -4.0379819e-002	
 -2.1473822e+000	
  2.6834925e-001	
 -2.3837078e+000	
  7.0895004e-001	
 -8.6465010e-001	
  1.1350421e+000	
  3.3753559e-001	
  9.5569647e-001	
 -6.0921036e-001	
  1.6458320e+000	
 -1.0774024e+000	
 -1.4291517e+000	
  3.1298789e-001	
 -4.6886452e-001	
 -2.8462541e+000	
  1.2177472e+000	
 -1.4566474e-001	
 -1.0982425e+000	
  2.3029149e+000	
 -2.3782234e-001	
  1.3081014e+000	
  5.2579356e-001	
 -7.3452322e-001	
  6.8265529e-001	
  1.8607599e+000	
  4.1846645e-001	
  3.9537515e-001	
  1.0581029e+000	
 -8.8401428e-001	
 -1.9457930e+000	
 -5.5380039e-002	
  6.0479128e-001	
 -2.0376795e+000	
 -4.9623983e-001	
  2.0635108e-001	
 -1.0243898e+000	
 -3.9676814e-001	
  6.0232019e-001	
  2.2130489e-002	
  6.1960838e-001	
  7.1946275e-001	
  5.3788820e-001	
 -2.3091993e-001	
  2.9874704e-001	
  3.5752525e-001	
 -8.2290252e-001	
  1.8311182e+000	
 -9.1885440e-001	
 -2.8609901e-001	
  2.4398634e-001	
  3.7265766e-001	
  1.7092610e+000	
  6.4325236e-001	
  1.6366428e-001	
  1.2515451e+000	
  1.0125586e+000	
  1.5584591e-001	
  6.4122638e-002	
 -1.2233641e+000	
  9.7775008e-001	
 -3.1945306e-001	
  1.3242283e+000	
  7.3398061e-001	
  1.4978165e+000	
  9.6349579e-001	
 -2.9842384e-001	
  1.1466190e+000	
 -2.0438084e+000	
  8.1722328e-001	
  5.5200116e-001	
  2.1568732e+000	
 -2.0703408e-001	
  1.9099829e+000	
  5.2118127e-001	
 -6.2381833e-001	
 -7.0019627e-001	
 -9.1044289e-001	
 -3.9814640e-002	
  1.8280956e+000	
 -7.4078508e-001	
 -1.8614435e+000	
 -6.5434983e-001	
  1.1807976e+000	
 -9.0561526e-001	
 -7.9388602e-002	
 -1.5729395e-001	
  5.8175715e-001	
  1.1447322e+000	
 -6.2271558e-001	
 -4.2204308e-001	
 -1.6919371e+000	
 -1.5277193e+000	
  6.7611033e-001	
  7.7110362e-001	
 -2.7355024e+000	
 -1.2772522e+000	
 -4.9407407e-001	
  3.8897194e-001	
  1.9423411e+000	
  7.1544414e-001	
 -7.4490050e-002	
  4.8752800e-001	
  1.2605359e-001	
  1.4081911e-001	
 -8.4230990e-001	
  2.0015468e-001	
 -2.1305782e-001	
  1.3107773e+000	
 -1.1912713e+000	
  7.8573618e-001	
 -3.1292438e+000	
  3.3507123e-001	
  8.1497744e-001	
 -7.8175113e-001	
  1.0136893e+000	
  1.1742441e-002	
 -9.0895093e-001	
 -6.6609865e-001	
  9.3215203e-001	
  1.4961994e+000	
 -7.4214322e-001	
  1.3651860e+000	
  1.1006862e+000	
  1.4783725e-001	
 -3.2402443e-001	
 -1.0412755e+000	
  8.6482199e-001	
 -8.2180639e-001	
 -5.7431599e-001	
 -9.2045829e-001	
 -5.5516269e-001	
  3.3310738e-001	
 -1.8009608e-001	
  1.7195827e-001	
  7.8538991e-001	
  1.4349913e-001	
  2.1151936e+000	
 -9.9612551e-001	
 -1.2610573e+000	
  3.1139104e-001	
  9.1991187e-001	
  2.4362778e+000	
 -3.3369872e-001	
  4.3631931e-001	
  8.5547628e-001	
  9.8216823e-001	
  1.2364055e+000	
  3.9441520e-001	
  6.4084362e-001	
  4.1203305e-001	
 -2.4518916e-001	
 -4.4312178e-001	
 -1.5157558e-001	
 -7.5428345e-001	
  4.3453987e-001	
 -1.5088867e+000	
  1.9618293e+000	
  4.4865295e-001	
  1.0897802e-001	
  1.9007186e+000	
 -5.5577344e-001	
 -7.2573955e-002	
 -1.1930196e-001	
 -1.0507059e+000	
  8.9246860e-001	
  2.7204938e-002	
  9.1750162e-001	
 -1.5634311e+000	
 -8.0879270e-001	
  1.3828955e-001	
 -1.3366908e+000	
 -8.6226012e-001	
  4.7908765e-001	
  1.1297633e+000	
 -2.4272415e-001	
 -3.5737979e-001	
  5.7142562e-001	
 -3.0552605e+000	
  6.1671001e-001	
  1.5959516e+000	
  7.9002828e-001	
 -3.8906840e-002	
  1.0127240e+000	
  9.6314514e-002	
  2.0299084e-001	
  2.5062086e-001	
  3.3110086e-001	
  1.0441295e+000	
  1.3190208e+000	
  1.6482968e+000	
 -6.0053613e-001	
 -2.1082135e+000	
  1.5205972e+000	
 -1.7679329e+000	
  1.1375633e+000	
  4.9456071e-002	
  1.0442162e+000	
  8.3434529e-001	
 -1.8552365e-001	
  1.0636113e+000	
 -1.4272750e+000	
  1.0529462e+000	
 -8.5494924e-001	
 -7.9063780e-001	
 -7.8090016e-001	
  2.8725183e-001	
  2.2835516e-001	
 -1.8897406e+000	
  5.2722350e-001	
 -1.3682552e+000	
 -1.7219278e+000	
  1.2597919e-001	
 -1.4714215e-001	
  1.7416625e-002	
 -1.7527450e+000	
 -1.2467921e+000	
 -5.1280584e-001	
  1.9218582e+000	
 -1.4249995e+000	
  4.2887959e-001	
  7.2448998e-001	
  1.4088110e+000	
  1.0340252e+000	
 -2.0380519e-001	
 -1.6086480e+000	
  1.5679498e+000	
 -9.2620076e-001	
 -6.7364749e-001	
 -4.5156635e-001	
  3.6452629e-001	
 -5.5480396e-001	
  1.3000097e+000	
 -4.1357206e-001	
 -7.8114599e-001	
  4.9118307e-001	
  1.4726073e+000	
 -3.4153542e-002	
 -5.3988481e-001	
 -7.0477917e-001	
  7.2375666e-001	
 -2.6382953e-001	
 -1.4684885e+000	
  9.8609762e-001	
 -2.2341906e-002	
  1.1299650e+000	
  1.2708055e-002	
  2.4954837e-001	
  2.1997576e-001	
  1.5772852e+000	
  5.4195590e-001	
  7.1545744e-001	
  5.9034972e-001	
  1.7381400e-001	
  6.0706016e-001	
 -3.8621020e-001	
 -3.0692427e-002	
  6.3784728e-001	
 -8.1844363e-001	
  9.2316584e-001	
 -7.0299328e-001	
 -5.0804693e-001	
 -1.0758922e+000	
 -4.7155566e-001	
  1.3611020e+000	
  1.2809166e+000	
 -2.6093456e-001	
 -2.4816137e-001	
 -1.1097349e+000	
 -2.9562365e-001	
 -5.5967838e-001	
  9.1262987e-002	
 -3.2101222e-001	
  1.7911908e-001	
  4.8216826e-002	
 -3.5926274e-001	
 -1.7108045e-001	
  1.1730445e+000	
  8.1774259e-001	
 -1.0270286e+000	
