  7.5501224e-001	
 -1.9039774e-001	
  1.4202075e-001	
 -8.4891316e-001	
 -2.1282360e-001	
 -9.1528146e-001	
  9.9966433e-001	
 -1.7655963e+000	
  1.9043786e+000	
  3.3596888e-001	
  4.1435718e-001	
 -6.5032305e-002	
  1.2168171e+000	
  1.6712982e+000	
 -7.2274178e-001	
  9.3736879e-001	
  5.0551152e-001	
 -4.4105061e-001	
 -6.7764396e-001	
 -6.8530644e-001	
 -4.2933468e-001	
  1.5490395e+000	
 -1.5718987e+000	
 -7.4939897e-001	
 -1.2399701e-001	
  1.0185791e-001	
  8.7569341e-001	
  5.0748157e-001	
  5.3614639e-002	
 -1.4307551e-001	
  1.3534337e+000	
 -3.4109061e-001	
 -9.1936323e-001	
 -1.0541250e+000	
  8.1520209e-001	
  7.2602384e-001	
  2.0058757e-001	
  2.5403993e-001	
 -1.0363999e+000	
  2.7057502e-001	
  1.2669794e+000	
 -1.4876665e-001	
 -7.6546725e-001	
 -3.9811605e-001	
  2.9449559e-001	
 -4.9644826e-002	
 -3.9819357e-001	
  4.2529177e-001	
 -4.9499867e-001	
  5.0248505e-001	
  8.6248432e-002	
 -1.3574575e+000	
  9.5133187e-001	
 -5.0593556e-001	
  1.4394111e+000	
 -4.8138407e-001	
  1.6364959e-001	
 -9.4117724e-001	
 -1.9477947e+000	
 -8.9481193e-001	
 -1.0635566e+000	
  8.1468352e-001	
  2.4148904e-001	
 -2.6513525e-001	
  1.4854090e+000	
  2.2247310e+000	
 -5.0655329e-001	
  3.8650642e-001	
 -4.3494089e-001	
  1.3138345e-001	
 -9.0594765e-001	
  7.0194658e-001	
 -1.1581846e-001	
  1.3857577e+000	
  1.7025810e+000	
 -7.0142160e-001	
  1.4421495e+000	
  5.8351584e-001	
  1.1400510e+000	
  2.1326692e+000	
  2.1517473e+000	
  5.3783033e-001	
 -3.2068039e+000	
 -1.3086184e+000	
  5.5609739e-001	
 -1.6837331e-001	
 -8.6616897e-001	
 -1.1040099e+000	
  1.3926577e+000	
  5.9675925e-001	
  2.5083120e-001	
 -1.5622034e-001	
 -7.3270322e-001	
  2.0090706e+000	
  3.0365801e-001	
 -1.0485490e+000	
 -8.3872949e-001	
  5.6529121e-001	
 -8.0820391e-001	
 -1.0832648e+000	
  4.9923331e-001	
 -1.2955944e+000	
 -7.8828324e-001	
  1.1468408e+000	
  7.8112710e-001	
  4.6894719e-001	
 -8.7367807e-001	
 -4.8698126e-003	
 -3.9524300e-001	
 -1.4880001e+000	
  7.3808671e-001	
  1.0641724e+000	
 -1.1748071e+000	
 -2.3724795e-001	
 -2.3215055e-002	
  2.1175654e-002	
  5.1497486e-002	
  5.3996355e-001	
 -5.7588823e-001	
 -2.3924298e-001	
  3.5365992e-001	
 -1.4957597e+000	
 -1.4950829e-002	
  8.3282942e-001	
  8.9522379e-001	
  5.1594033e-001	
 -1.6400746e-001	
 -1.3354655e+000	
 -3.8352438e-001	
  2.9543167e-001	
 -3.7973623e-001	
  1.6878386e-001	
  2.0622602e+000	
 -8.4616593e-001	
  2.7080383e+000	
  9.1235614e-001	
  9.1597425e-001	
  1.2131485e+000	
  2.4597810e-001	
  9.7008608e-001	
  1.9881330e+000	
 -2.9944529e-001	
  3.7586402e-001	
  6.0067219e-001	
  2.1245197e+000	
  1.0220525e+000	
  6.9293702e-001	
  8.5003277e-001	
  1.1388306e+000	
 -9.3852287e-001	
 -1.6658795e+000	
  1.1116993e+000	
 -6.8689637e-001	
 -8.0193315e-001	
 -4.8310131e-001	
  3.0307136e-001	
 -2.2829062e+000	
 -2.6496188e+000	
  5.2619642e-002	
 -8.4694403e-001	
 -7.3075127e-001	
 -1.3595184e+000	
  2.7006332e-001	
 -6.3377728e-001	
  3.3217419e-001	
 -6.2917913e-001	
 -1.2339215e-001	
 -9.0957166e-001	
  3.5521648e-001	
  1.3018871e+000	
  4.7095933e-001	
 -1.4696808e+000	
 -4.5287481e-001	
 -1.6266945e-001	
 -5.1596394e-001	
  5.0726101e-001	
  5.1381868e-001	
  2.2075074e-001	
 -6.4144753e-001	
 -3.3420677e-001	
 -1.3591865e+000	
  1.0967604e+000	
  5.6135806e-001	
  1.6372510e-001	
  2.6700187e-001	
 -1.1312470e+000	
  1.2969095e-002	
 -1.0873529e+000	
 -8.8004677e-001	
 -2.7152018e-001	
 -1.3583332e+000	
  4.3625674e-001	
  1.8482097e+000	
  5.7530658e-001	
 -2.1056440e+000	
  4.8000118e-001	
  2.0373116e-001	
  1.8104935e+000	
  3.4945058e+000	
 -8.0671834e-001	
  1.3396662e+000	
  1.9192426e-001	
 -8.4476647e-001	
 -9.8633488e-001	
 -1.5920344e+000	
 -1.1482229e-001	
 -1.1191358e+000	
 -3.1764927e-001	
  1.3092152e+000	
 -5.5918977e-001	
 -3.2808932e-001	
  4.0161050e-001	
  7.0346690e-001	
  6.0588474e-001	
 -8.8688921e-001	
 -2.4937374e-001	
  6.7191939e-001	
  2.3878105e+000	
 -3.5834227e-001	
 -1.2234924e+000	
  1.5231284e-002	
 -1.2947566e+000	
  1.4502540e+000	
 -1.1941859e+000	
  1.8737518e+000	
  5.4351930e-001	
 -8.9760935e-001	
  4.2964237e-001	
 -6.0616167e-001	
 -8.8242886e-001	
  6.8676927e-001	
  5.8724073e-001	
 -1.9271747e-002	
  4.9276567e-001	
  7.0644918e-001	
 -7.9132792e-001	
  4.8763943e-001	
 -1.0655009e-001	
  1.1534470e+000	
  3.8748669e+000	
 -6.3973923e-001	
 -1.3734951e+000	
  2.4803536e-001	
 -2.7271375e-001	
 -7.1170738e-001	
  7.3807815e-001	
  1.4282686e+000	
 -1.3785285e-001	
 -1.0066421e+000	
  1.3930351e+000	
  9.2046701e-002	
 -1.2395850e+000	
 -2.0950302e+000	
  3.6831117e-001	
  7.9527706e-001	
 -2.1731688e+000	
 -9.3474580e-001	
 -1.8296685e-002	
  5.0835885e-001	
 -9.0754597e-001	
 -7.0939247e-001	
  1.2232364e+000	
  2.6493200e-001	
  3.4104738e-001	
 -6.5370510e-001	
 -6.0177753e-001	
 -1.6431527e-001	
  4.1553435e-001	
  9.8360830e-001	
  1.2460617e+000	
  3.1862265e-001	
 -2.0847700e+000	
  9.9342255e-001	
 -6.1894820e-002	
 -1.9470383e+000	
 -1.2737360e+000	
 -5.3981548e-001	
 -1.1112291e+000	
  1.1367125e+000	
 -1.9495286e+000	
  1.2568895e+000	
  7.5215151e-001	
 -6.0394253e-001	
 -8.0461307e-001	
  7.0240794e-001	
 -8.9900165e-001	
  1.2093093e+000	
 -3.5356628e-001	
  1.8048011e+000	
 -2.3345091e+000	
 -2.0446354e-001	
  2.9603873e-001	
  4.4663418e-001	
  6.5089360e-001	
  3.4068102e-001	
  1.3268082e-001	
 -2.3328640e-001	
  4.1648828e-001	
 -1.0350880e+000	
  1.1273801e+000	
  4.9739485e-001	
  1.9882925e+000	
  9.3267536e-001	
  2.4493041e+000	
  2.0529738e-001	
  6.2299218e-001	
  7.7505582e-001	
 -4.9783320e-002	
  5.8809108e-001	
  7.7662475e-002	
  1.0823638e+000	
 -1.6157110e-001	
 -2.2894796e-001	
 -6.2485825e-001	
 -7.8894260e-001	
 -7.9008079e-001	
  1.0497331e-001	
 -2.6627727e-001	
  6.4486374e-001	
 -2.8636959e-001	
  1.6684300e+000	
  2.0060545e-001	
  3.8489166e-001	
 -5.0756685e-001	
  1.3350188e-001	
  2.0223967e+000	
  4.1981311e+000	
 -9.0140649e-001	
 -8.6375529e-001	
 -6.2489685e-001	
 -1.4898169e+000	
 -2.3003712e-001	
 -8.1253661e-001	
 -1.4788141e+000	
  9.4264294e-001	
  7.4038446e-001	
  2.8035248e-001	
  4.0238677e-001	
 -7.9053608e-001	
  6.9973659e-001	
  6.2921892e-001	
  7.2691317e-001	
 -1.9762846e+000	
  1.0850058e+000	
  9.2762992e-001	
 -8.6199788e-001	
 -4.5181012e-001	
 -9.5598685e-001	
 -5.8915906e-001	
 -1.5569202e-001	
  8.8445849e-002	
  7.1623482e-001	
  1.4716851e+000	
  1.8575384e-002	
 -4.7998146e-001	
 -1.1897933e+000	
  5.4931268e-001	
  1.2442656e+000	
 -3.1978024e-001	
  1.3302734e-001	
  2.2821074e+000	
 -1.4144235e+000	
 -4.6245002e-001	
  1.7720929e+000	
 -1.1251912e+000	
 -9.4072909e-001	
 -5.9879482e-001	
  3.4279469e-001	
 -1.5287128e+000	
  1.2238107e+000	
 -1.6906480e+000	
 -2.5400749e-001	
 -1.0581690e+000	
  1.1400535e+000	
 -6.3881410e-001	
 -3.9389636e-002	
 -1.2019138e+000	
 -1.1414425e-001	
 -2.6616957e+000	
  9.4813100e-001	
  9.9440280e-001	
 -3.2541006e-001	
 -2.0740703e+000	
  6.4961469e-003	
 -1.4238610e+000	
 -1.5248193e+000	
 -1.2623117e+000	
 -1.4275266e+000	
  2.7354564e-001	
 -6.4642877e-001	
  4.4740926e-001	
  1.6084951e+000	
  7.7096720e-002	
 -1.5663167e+000	
  4.6899449e-001	
  4.6765385e-002	
 -4.8366262e-001	
 -1.5362258e+000	
 -5.8761081e-001	
 -3.0878888e-001	
 -1.3096908e+000	
  1.5344919e-002	
 -7.2752668e-001	
 -2.3109679e-001	
 -3.3660993e-001	
  5.6964888e-001	
  1.5348844e+000	
 -2.0853734e-001	
 -4.7346871e-001	
  6.2261604e-001	
  1.4890273e+000	
 -8.2318384e-002	
 -2.8201554e+000	
  6.5706971e-001	
 -2.6295130e-001	
 -7.3790428e-001	
 -1.5810322e+000	
 -2.2837918e-001	
 -1.9718505e+000	
 -3.0123437e-001	
  2.6199695e+000	
  4.6754567e-001	
 -6.8700996e-001	
 -6.0033846e-001	
 -9.2309003e-001	
  5.0987313e-001	
  8.9519027e-001	
  1.0609055e-001	
 -9.1648531e-001	
 -1.8076944e+000	
 -1.7821431e+000	
 -7.8655983e-001	
 -9.3676385e-001	
 -9.2139941e-001	
  1.8538612e-001	
 -1.7298609e+000	
  8.4061831e-001	
  1.2728992e+000	
  8.7501732e-001	
 -4.3847982e-001	
 -1.3058169e+000	
 -2.3157222e-001	
 -1.0029731e+000	
 -8.5909991e-001	
  1.4267181e-001	
  9.5665963e-001	
  6.0731764e-001	
  3.8001066e-001	
 -2.4289116e-001	
 -1.2894691e+000	
  2.4247536e+000	
  8.0282165e-002	
  4.8286893e-001	
 -5.4185246e-001	
 -6.2792212e-001	
  2.8568389e-001	
 -5.6664010e-001	
 -1.3484294e+000	
  1.6868246e+000	
  4.8780360e-002	
 -7.2418343e-001	
 -1.4191043e+000	
 -5.2343125e-001	
  4.7697833e-001	
  8.5149789e-002	
  1.0633803e-001	
  2.8892898e-001	
  1.2956978e+000	
 -6.8459166e-001	
 -4.4944039e-001	
 -1.0787568e+000	
  2.6592514e-002	
  8.7492075e-001	
  7.3681272e-001	
 -1.6598750e+000	
  7.7910322e-001	
  2.5480942e-001	
  3.7004676e-001	
 -1.6438154e-001	
  1.0005364e+000	
  3.4544993e-001	
  2.8659273e-001	
  2.3352059e-001	
  8.0222107e-001	
 -1.0778253e+000	
  1.6650795e+000	
  2.4826495e+000	
  1.0840951e+000	
  9.5786378e-001	
  4.7195531e-001	
  1.2394367e+000	
 -1.2578988e-001	
  1.2748092e+000	
 -2.0829553e-001	
  1.7978076e-001	
 -1.6853828e-001	
  2.3646218e-001	
 -1.3969777e+000	
 -5.0672478e-001	
 -1.6947093e-001	
 -4.8741831e-001	
  1.0723751e+000	
  1.3510033e-001	
 -2.4304638e-002	
  8.5076369e-001	
  7.6865357e-001	
 -7.1613312e-001	
 -5.2610085e-001	
 -4.5902296e-001	
  8.8937565e-001	
  8.2032944e-001	
  3.1291097e-001	
  0.0000000e+000	
  0.0000000e+000	
  2.9921885e-001	
  5.8411606e-001	
  6.2280681e-001	
  5.5230160e-001	
  4.9800315e-001	
  2.9505774e-001	
 -2.5635732e-001	
 -9.8617925e-001	
 -1.5508923e+000	
 -1.7153301e+000	
 -1.3865399e+000	
 -5.7991405e-001	
  4.5096766e-001	
  1.2148830e+000	
  1.3582363e+000	
  6.4896990e-001	
 -6.9542684e-001	
 -1.8837798e+000	
 -2.3347459e+000	
 -1.8501259e+000	
 -5.8382691e-001	
  1.0056442e+000	
  2.5255919e+000	
  3.4171392e+000	
  3.1628586e+000	
  1.8616944e+000	
 -4.4498548e-002	
 -1.9533047e+000	
 -3.0450406e+000	
 -2.6567724e+000	
 -1.0242888e+000	
  9.1673728e-001	
  2.4946489e+000	
  3.3193112e+000	
  3.1474668e+000	
  2.0985213e+000	
  4.9464850e-001	
 -1.0547488e+000	
 -1.7177144e+000	
 -1.3906430e+000	
 -6.3442900e-001	
  1.2854927e-001	
  6.3054646e-001	
  9.0279183e-001	
  1.0835480e+000	
  1.1029394e+000	
  8.2281121e-001	
  4.3110534e-003	
 -1.2868098e+000	
 -2.4187259e+000	
 -2.7673936e+000	
 -2.2663953e+000	
 -1.2744223e+000	
  7.0249180e-003	
  1.2387345e+000	
  1.7315466e+000	
  1.2846157e+000	
  3.7597179e-001	
 -4.8987056e-001	
 -1.1986207e+000	
 -1.6893742e+000	
 -1.6853659e+000	
 -1.1100033e+000	
 -2.2760563e-001	
  6.2991846e-001	
  1.3346834e+000	
  1.7903230e+000	
  1.7236465e+000	
  1.1552725e+000	
  4.9361948e-001	
 -7.9598017e-002	
 -5.8639884e-001	
 -9.0534165e-001	
 -9.9659149e-001	
 -9.4614506e-001	
 -9.4482667e-001	
 -9.8042484e-001	
 -7.2918911e-001	
 -2.3804263e-001	
  1.9672668e-001	
  4.3184509e-001	
  2.8739506e-001	
 -2.3839550e-001	
 -8.4080181e-001	
 -1.2991395e+000	
 -1.6055429e+000	
 -1.8519742e+000	
 -1.8532823e+000	
 -1.4134794e+000	
 -6.3875305e-001	
  3.4951475e-001	
  1.1177841e+000	
  1.0842195e+000	
  1.7983306e-001	
 -1.1610764e+000	
 -2.2830519e+000	
 -2.6472440e+000	
 -2.1094142e+000	
 -8.2412827e-001	
  5.4035485e-001	
  1.1984020e+000	
  1.0863501e+000	
  6.2042686e-001	
  3.9828821e-002	
 -5.9127690e-001	
 -1.0919536e+000	
 -1.1991878e+000	
 -7.7121188e-001	
 -4.8131566e-002	
  6.6087632e-001	
  1.1918161e+000	
  1.2868673e+000	
  8.9361896e-001	
  4.1902749e-001	
  7.2290166e-002	
 -2.1407518e-001	
 -3.2307995e-001	
 -3.0560243e-001	
 -2.4191929e-001	
 -6.1307766e-002	
  1.8879365e-001	
  5.4828114e-001	
  7.2126365e-001	
  3.1659278e-001	
 -4.1608241e-001	
 -1.1399065e+000	
 -1.5025032e+000	
 -1.2853894e+000	
 -6.6151072e-001	
  2.0096536e-001	
  1.1673361e+000	
  1.8834856e+000	
  1.7096755e+000	
  6.9661381e-001	
 -3.5886338e-001	
 -1.0158410e+000	
 -1.2065309e+000	
 -9.9416913e-001	
 -4.3979073e-001	
  4.0653891e-001	
  1.4978504e+000	
  2.4298635e+000	
  2.3522593e+000	
  1.0012364e+000	
 -8.6960275e-001	
 -2.2504923e+000	
 -2.7573949e+000	
 -2.3965797e+000	
 -1.3484418e+000	
 -3.3536365e-002	
  1.1452292e+000	
  1.6998817e+000	
  1.4767878e+000	
  8.3386510e-001	
 -7.5571982e-002	
 -1.1861247e+000	
 -1.8806595e+000	
 -1.5840101e+000	
 -4.8126265e-001	
  6.8630671e-001	
  1.3007384e+000	
  1.2380705e+000	
  7.9426166e-001	
  3.3209254e-001	
 -1.3030602e-001	
 -5.1251605e-001	
 -8.2631923e-001	
 -1.1308713e+000	
 -1.2751451e+000	
 -1.2805097e+000	
 -1.0908065e+000	
 -5.3249784e-001	
  2.3335131e-001	
  7.2484922e-001	
  7.9791797e-001	
  6.7366598e-001	
  3.2690660e-001	
 -3.7811388e-001	
 -1.1594632e+000	
 -1.4053437e+000	
 -8.3916472e-001	
  1.3411561e-001	
  1.0141781e+000	
  1.4407858e+000	
  1.1033084e+000	
  2.1084667e-001	
 -5.0972884e-001	
 -5.3931615e-001	
 -1.0454696e-001	
  3.4436163e-001	
  6.6477551e-001	
  7.1569889e-001	
  3.7764972e-001	
 -1.1348529e-002	
 -1.5451449e-001	
 -3.1709840e-001	
 -4.7969201e-001	
 -1.8456174e-001	
  5.1632514e-001	
  1.1421951e+000	
  1.3124895e+000	
  9.5736077e-001	
  1.7068621e-001	
 -7.8542028e-001	
 -1.2299324e+000	
 -9.1560604e-001	
 -2.1519327e-001	
  5.4766994e-001	
  1.1595513e+000	
  1.4976873e+000	
  1.4715763e+000	
  1.0960227e+000	
  4.9269907e-001	
 -2.1473033e-001	
 -8.3610475e-001	
 -1.0956528e+000	
 -8.7944793e-001	
 -3.0234453e-001	
  4.1669661e-001	
  9.2407883e-001	
  9.9700159e-001	
  7.3722986e-001	
  4.0060574e-001	
  1.8139302e-001	
  7.3383606e-002	
  9.6148015e-002	
  3.3931237e-001	
  6.2064256e-001	
  8.0110471e-001	
  9.2135318e-001	
  8.6290135e-001	
  5.2908564e-001	
  1.3114682e-001	
 -1.7230616e-001	
 -5.0759591e-001	
 -8.4983886e-001	
 -1.1643043e+000	
 -1.3348481e+000	
 -9.2499567e-001	
  2.0024870e-001	
  1.4617771e+000	
  1.9462059e+000	
  1.3667207e+000	
  2.3714265e-001	
 -7.7226621e-001	
 -1.1110038e+000	
 -4.7888961e-001	
  9.7894795e-001	
  2.3787800e+000	
  2.7342561e+000	
  2.0103406e+000	
  9.0935010e-001	
 -4.8390019e-002	
 -8.9799353e-001	
 -1.6190896e+000	
 -1.9922280e+000	
 -1.7833350e+000	
 -6.8314364e-001	
  1.0339246e+000	
  2.5013933e+000	
  3.0991617e+000	
  2.4634907e+000	
  6.7009365e-001	
 -1.2478355e+000	
 -2.2342998e+000	
 -2.2800801e+000	
 -1.8140511e+000	
 -9.3986612e-001	
  2.2105905e-001	
  1.4399434e+000	
  2.3112446e+000	
  2.2376781e+000	
  1.2281497e+000	
 -1.1142695e-001	
 -1.2949184e+000	
 -2.0059844e+000	
 -2.1379462e+000	
 -1.9032275e+000	
 -1.3408526e+000	
 -7.5843441e-001	
 -5.6301146e-001	
 -4.1422751e-001	
 -3.2298615e-002	
  4.8841075e-001	
  8.9774390e-001	
  9.5127117e-001	
  6.5588401e-001	
 -8.1444291e-002	
 -1.2221049e+000	
 -2.1797695e+000	
 -2.4371128e+000	
 -1.9652306e+000	
 -8.7444815e-001	
  5.3156992e-001	
  1.6185271e+000	
  1.9128231e+000	
  1.5017107e+000	
  1.0063566e+000	
  8.3586135e-001	
  8.3509410e-001	
  7.7770643e-001	
  5.7093953e-001	
  1.8478511e-001	
 -3.9766969e-001	
 -8.7499534e-001	
 -8.5829811e-001	
 -3.7759611e-001	
  2.8196836e-001	
  6.2275621e-001	
  1.9111390e-001	
 -7.1541509e-001	
 -1.2773372e+000	
 -1.2868153e+000	
 -1.2574914e+000	
 -1.2755854e+000	
 -9.5777802e-001	
 -3.5517573e-001	
  2.5385104e-001	
  7.6712906e-001	
  1.0890849e+000	
  1.0955126e+000	
  8.1824711e-001	
  4.4583117e-001	
  1.8188031e-001	
  1.8693392e-001	
  4.5995503e-001	
  7.9436599e-001	
  1.0051663e+000	
  9.9182127e-001	
  6.7815127e-001	
  1.0884430e-001	
 -4.6351753e-001	
 -6.6966683e-001	
 -3.1281180e-001	
  5.1388118e-001	
  1.2798436e+000	
  1.3770261e+000	
  8.3230590e-001	
  1.2290462e-001	
 -3.4498958e-001	
 -5.7649988e-001	
 -6.8445040e-001	
 -4.9573649e-001	
 -6.7306348e-002	
  3.9407640e-001	
  7.9711160e-001	
  1.0593949e+000	
  1.1907289e+000	
  1.1584461e+000	
  8.6483583e-001	
  2.9689649e-001	
 -3.0864610e-001	
 -5.5321791e-001	
 -1.6967065e-001	
  6.4878279e-001	
  1.3433636e+000	
  1.4320536e+000	
  7.6994668e-001	
 -2.4509126e-001	
 -1.0564954e+000	
 -1.4931208e+000	
 -1.5783157e+000	
 -1.2059933e+000	
 -4.4395090e-001	
  3.1427959e-001	
  7.0951790e-001	
  5.6194544e-001	
  1.2365990e-001	
 -1.9505667e-001	
 -3.9763658e-001	
 -5.0377036e-001	
 -4.5763396e-001	
 -4.4207338e-001	
 -4.5764128e-001	
 -2.9638595e-001	
 -1.2001612e-004	
  3.0929209e-001	
  5.5993077e-001	
  6.0425389e-001	
  4.1704872e-001	
  1.2378204e-001	
  1.4503456e-002	
  2.7503622e-001	
  5.8602560e-001	
  6.5393836e-001	
  4.3792452e-001	
  1.1506563e-001	
 -6.4705684e-002	
 -7.2030987e-002	
  1.0155960e-001	
  4.7579532e-001	
  9.5012888e-001	
  1.1829774e+000	
  9.7968306e-001	
  5.8250990e-001	
  2.0966823e-001	
 -7.9947348e-002	
 -3.4827923e-001	
 -7.6893930e-001	
 -1.2421553e+000	
 -1.3924143e+000	
 -1.1342151e+000	
 -5.4063830e-001	
  2.9151719e-001	
  1.0294353e+000	
  1.3400885e+000	
  1.1405902e+000	
  8.2937959e-001	
  5.7719919e-001	
  1.3124789e-001	
 -1.5192802e-001	
  1.1021452e-001	
  4.8589707e-001	
  5.3480998e-001	
  2.7953872e-001	
 -8.9952291e-002	
 -4.1390169e-001	
 -5.5893196e-001	
 -3.6935438e-001	
  2.6861603e-001	
  1.1579892e+000	
  1.7396783e+000	
  1.6566625e+000	
  8.0725863e-001	
 -5.4931917e-001	
 -1.6465409e+000	
 -1.9938407e+000	
 -1.5881859e+000	
 -6.0551401e-001	
  4.7977251e-001	
  1.2065655e+000	
  1.5837578e+000	
  1.7516534e+000	
  1.6694700e+000	
  1.1994461e+000	
  3.2065210e-001	
 -7.0324571e-001	
 -1.5159987e+000	
 -1.8627201e+000	
 -1.7585054e+000	
 -1.3739178e+000	
 -6.8870058e-001	
  3.5962278e-001	
  1.6066588e+000	
  2.5292820e+000	
  2.4647901e+000	
  1.1833391e+000	
 -8.3660830e-001	
 -2.5343095e+000	
 -3.0204454e+000	
 -2.2981116e+000	
 -9.5108940e-001	
  2.7467953e-001	
  7.4279394e-001	
  4.6559858e-001	
  3.4449918e-003	
 -2.6175204e-001	
 -2.9937899e-001	
 -9.6428372e-002	
  3.8547804e-001	
  9.3232295e-001	
  1.1912118e+000	
  1.0604467e+000	
  6.3452209e-001	
  1.0105375e-001	
 -3.6059096e-001	
 -5.7014648e-001	
 -3.6871033e-001	
  1.6536377e-001	
  7.7067070e-001	
  1.2458697e+000	
  1.5925656e+000	
  1.7069659e+000	
  1.3177256e+000	
  4.0041217e-001	
 -5.9383764e-001	
 -9.8433081e-001	
 -5.1558977e-001	
  4.7686712e-001	
  1.4408343e+000	
  1.9236203e+000	
  1.7515011e+000	
  1.0086134e+000	
  2.0024010e-002	
 -7.2869671e-001	
 -9.9760856e-001	
 -7.7762172e-001	
 -6.9388097e-002	
  8.5382299e-001	
  1.4955454e+000	
  1.4855211e+000	
  8.6268788e-001	
 -1.0267948e-001	
 -1.2381217e+000	
 -2.3562452e+000	
 -3.0003998e+000	
 -2.5874948e+000	
 -1.1824577e+000	
  5.5670001e-001	
  2.0763085e+000	
  2.7857500e+000	
  2.1685676e+000	
  4.2301149e-001	
 -1.4900548e+000	
 -2.4676254e+000	
 -2.0946647e+000	
 -6.9922404e-001	
  1.0430468e+000	
  2.2073460e+000	
  2.2665317e+000	
