0.0386967
0.0386967
0.0386967
0.0386967
0.0773933
0.0386967
0.0386967
0.0386967
0.0386967
0.0386967
0.0386967
0.0386967
0.0386967
0.0386967
0.0773933
0.0386967
0.0386967
0.0386967
0.0773933
0.0386967
0.0386967
0.0386967
0.0386967
0.0386967
0.0386967
0.0386967
0.0386967
0.0773933
0.0386967
0.0773933
0.0386967
0.0773933
0.0386967
0.0386967
0.0386967
0.0386967
0.0386967
0.0773933
0.0386967
0.0773933
0.0773933
0.0773933
0.0773933
0.0386967
0.0386967
0.0386967
0.0773933
0.0386967
0.0386967
0.0386967
0.0386967
0.0386967
0.0386967
0.0773933
0.0386967
0.0386967
0.0386967
0.0386967
0.154787
0.309573
0.23218
0.0773933
0.193483
0.11609
-0.425663
-1.81874
-1.70265
1.66396
3.21182
0.11609
-0.773933
0.0386967
0.11609
-0.11609
-0.11609
-0.0386967
0
-0.11609
0
0.309573
0.0386967
-0.23218
0.0386967
0.23218
0
-0.0773933
0.11609
0.0386967
-0.154787
0.11609
0.309573
0.0773933
-0.154787
0
0.154787
0.0386967
0
0.11609
-0.0386967
0
0.309573
0.0773933
-0.309573
0.0386967
0.270877
-0.11609
0.0386967
0.34827
-0.0386967
-0.193483
0.154787
0.193483
-0.0386967
0.0773933
0.11609
-0.0386967
0
0.193483
0.0386967
-0.11609
0.0773933
0.23218
0.0386967
-0.154787
0.0386967
0.11609
0
-0.0773933
0.0773933
0.0773933
0.0773933
0.11609
0.0773933
-0.0386967
0
0.0773933
0
0
0.154787
0.0386967
-0.0386967
0.11609
0.154787
0
-0.0386967
0.11609
0.0386967
0.0386967
0.0773933
0.0386967
-0.0773933
0.11609
0.23218
0
-0.11609
0.0386967
0.11609
0.0773933
0
0.0386967
0.0386967
0.0773933
0
0.0386967
0.154787
0.0773933
0
-0.0386967
0.0386967
0.0386967
-0.0773933
0.0386967
0.0773933
0.23218
0.503056
0.69654
0.0773933
-0.58045
-0.46436
-0.0773933
0.0386967
0.0773933
0.0773933
0.11609
0.11609
0
0
0.11609
0.11609
0.0386967
0.0386967
0.0386967
0.0386967
0.0773933
0.0773933
0.0386967
0
0.0386967
0.0386967
0.0773933
0.0773933
0.0773933
0
0
0
0
0
0
0
0
0
0
0
0
0
0
0
0
0
0
0
0
0
0
0
0
0
0
0
0
0
0
0
0
0
0
0
0
0
0
0
0
0
0
0
0
0
0
0
0
0
0
0
0
0
0
